1 1 2.21329 2.28846 9.00247 0.195617 1.29979 -1.17318
2 1 8.42924 2.31431 8.71177 -0.905996 0.0649236 0.246998
3 1 3.93166 5.13112 2.20016 0.7256 -0.833113 -0.490475
4 1 6.12003 6.2808 9.30263 -0.789073 -0.172543 0.415414
5 1 2.27685 8.56706 3.91661 -0.143345 0.306932 0.121406
6 1 6.54338 0.339217 7.80177 1.14621 0.321748 0.748889
7 1 1.30946 7.86799 8.71014 0.783803 -1.2151 -0.120036
8 1 4.18981 3.13155 6.81715 -0.312783 0.196939 -0.789934
9 1 2.82386 3.05958 4.45149 -0.244802 -0.827792 1.1347
10 1 8.42806 8.55667 8.50819 -0.553566 1.22465 0.308814
11 1 0.819031 3.16267 8.95029 0.200495 0.936181 -0.107639
12 1 7.5062 1.42231 2.09784 0.179306 0.458125 0.287058
13 1 8.2801 2.01014 4.87992 -0.426361 1.04898 0.413214
14 1 3.62609 5.22975 0.0432087 -0.369263 -1.55 -0.503808
15 1 8.66637 3.20636 1.23029 -0.307642 -1.39108 -0.861673
16 1 1.94035 0.655274 6.6228 -0.213904 0.062421 0.245575
17 1 8.53098 3.96428 7.42091 1.04411 -1.01053 -0.178016
18 1 8.14247 7.04352 0.164755 -0.45131 -0.642039 -0.0227376
19 1 3.67449 0.896303 8.03687 -0.300791 0.00208102 -0.565065
20 1 4.1346 2.51973 7.68372 0.67143 0.881256 -0.426932
21 1 0.501245 3.03227 2.96552 -0.036051 -0.677401 0.305308
22 1 3.35773 4.69353 5.9191 0.0453443 -0.878239 0.232974
23 1 5.93609 2.10546 8.25328 -0.0670367 -0.399171 0.31186
24 1 3.20857 6.76826 5.92254 0.731197 1.35004 -0.818016
25 1 6.04125 1.8838 7.09212 -0.749387 0.0610692 -0.3786
26 1 0.177764 0.597409 5.12605 0.143286 1.17331 0.288644
27 1 7.36796 8.32685 8.47613 -1.20476 0.191874 0.256976
28 1 3.63791 3.66027 6.06899 0.668765 0.270986 -0.92123
29 1 0.52241 4.48938 8.04136 -1.08765 0.254144 0.263783
30 1 9.20829 2.22086 3.02816 -0.172205 -0.193658 0.545885
31 1 0.262784 3.81339 3.96277 0.0274398 -0.29357 0.383326
32 1 3.99947 1.42819 5.13622 -1.31743 -1.07006 -0.216315
33 1 1.85639 3.31197 9.13845 -0.873661 -0.194783 -0.744323
34 1 7.19051 7.39902 2.43102 1.13563 0.239885 1.45726
35 1 7.96094 8.59176 5.79759 0.501339 -0.602387 -1.2603
36 1 8.94315 6.51545 2.02155 -0.998059 -0.338714 0.965651
37 1 6.11058 3.89724 1.96245 -1.41701 0.484752 0.720133
38 1 1.46031 0.164722 2.38321 1.07537 -0.611544 0.178896
39 1 2.19524 7.15421 6.16995 -0.804961 0.123783 -1.45919
40 1 2.04497 0.602131 0.358723 0.704594 -0.0723098 -0.44441
41 1 5.87054 0.295885 6.95066 0.578341 1.30869 0.116311
42 1 0.640443 7.63328 7.23661 0.659211 0.523097 -0.00396538
43 1 3.10136 1.46569 2.12301 -0.267501 0.186139 0.74102
44 1 5.72575 2.66366 4.38313 1.2712 -0.921916 0.670881
45 1 4.34098 1.0177 6.15023 0.624809 -0.153435 -0.80212
46 1 1.01094 7.84371 2.75698 -0.795326 0.513696 -0.610975
47 1 3.54643 6.03857 6.82321 1.45881 0.085751 -0.103605
48 1 7.62159 4.32829 2.51867 0.41541 0.290781 -0.769314
49 1 4.11087 4.253 5.27845 -1.55902 0.280106 0.339994
50 1 8.94423 9.20924 3.04142 0.182841 -0.492679 -0.622333
51 1 5.39759 5.66985 4.34449 0.0598218 0.13783 0.98327
52 1 5.17096 2.47246 0.908827 0.0577584 -0.510091 -1.07489
53 1 6.46045 2.90685 5.35286 1.03998 -0.797861 0.0298868
54 1 8.45527 6.63703 7.49481 -0.141011 0.0559832 0.833371
55 1 1.32626 2.345 6.48653 -0.544464 0.459967 0.243861
56 1 2.63757 4.20286 6.57979 0.750307 0.301925 0.644012
57 1 0.108255 0.35542 7.02485 -0.318012 0.93268 0.0461159
58 1 9.34234 7.68075 0.397159 -0.287743 0.390828 0.951488
59 1 0.0786743 9.33424 5.95082 1.02139 -0.217379 -1.10398
60 1 9.10685 5.73445 0.345123 0.416184 -0.0744253 -0.581626
61 1 5.97954 5.80486 1.92359 1.12814 -0.368727 -0.673697
62 1 1.02942 1.38102 2.20571 0.254936 -0.588561 -0.874245
63 1 4.04897 4.46554 7.82747 -0.494336 0.513564 -1.40099
64 1 4.71471 6.19494 8.08089 1.30952 0.840372 0.287974
65 1 3.05784 2.51909 0.168288 -0.0478519 -0.813454 -0.140153
66 1 5.37883 5.33281 8.4722 -0.827229 0.712486 -0.308813
67 1 4.69708 7.03844 2.67846 1.68003 -0.268701 -0.0197456
68 1 2.67557 6.4986 8.22691 -0.580847 -0.586758 -0.702486
69 1 4.49387 3.43556 8.8405 -0.651067 -0.733601 0.0826168
70 1 0.78747 2.93136 4.04311 -1.1083 0.559669 -1.06128
71 1 7.43603 5.26385 8.8832 0.396353 -0.0107838 0.30005
72 1 5.85943 6.80076 1.49855 -1.48544 -0.0482146 0.0827119
73 1 2.23955 5.51835 1.50192 0.781808 0.148621 -0.461463
74 1 5.12348 7.1517 8.47912 -0.690482 -0.782363 -1.01065
75 1 1.12481 8.57768 3.96212 0.815027 0.934191 0.0633358
76 1 5.38612 1.80319 3.77763 -0.842284 0.562584 -0.862759
77 1 3.53197 3.9118 7.086 -0.483196 0.207005 -0.562384
78 1 0.378576 6.21831 1.28541 -0.614783 0.225662 0.412861
79 1 5.6213 6.4235 2.67204 -0.683023 -0.444229 -0.98775
80 1 8.89349 5.70114 3.61863 0.229735 -0.734306 -0.989803
81 1 3.20037 1.84172 3.21867 -0.581743 -1.42862 0.0939504
82 1 6.45057 9.29202 1.80633 -0.385204 -0.36863 1.2831
83 1 2.5795 8.12011 4.85688 0.866491 -0.595882 0.0816319
84 1 8.10977 5.94732 0.0194496 0.103317 0.95884 0.418837
85 1 2.45679 5.20776 2.51139 0.166796 -0.11158 -0.0662952
86 1 5.44598 4.37903 0.456851 -1.06486 -0.466979 -0.607531
87 1 7.93868 5.58365 3.11153 -1.132 -0.109519 0.568679
88 1 1.89146 8.08986 5.62531 0.813086 0.282061 0.455688
89 1 1.27025 4.59701 0.670037 0.412538 -0.0131429 0.651011
90 1 5.56448 9.0368 4.54046 0.512994 -0.0248741 0.809928
91 1 8.61972 5.69105 6.96267 -0.0324591 0.247634 0.258163
92 1 1.59952 8.93324 8.05583 -0.262531 -0.57927 -0.0482123
93 1 2.03905 8.79903 0.52116 0.826463 0.0143896 0.698056
94 1 6.18776 7.2146 8.77821 0.20983 1.27726 -0.772581
95 1 5.2918 6.47088 3.65594 1.04333 0.866978 0.9285
96 1 3.77433 8.42446 7.85693 -1.0219 -1.22437 0.128413
97 1 4.25682 3.76944 1.03142 1.11826 0.270494 -0.170471
98 1 8.5909 9.23097 1.42513 0.877781 0.804425 0.160682
99 1 1.18489 1.23871 6.21692 -0.286165 0.0479697 -0.934425
100 1 4.43559 2.12611 6.5385 0.292647 0.134843 -0.562815
101 1 6.92253 6.67327 1.70362 0.449455 -1.81236 0.0402399
102 1 6.27202 7.97819 8.02858 0.323438 0.450131 0.918359
103 1 2.45324 1.13776 3.70561 0.771159 0.200962 1.1708
104 1 1.04623 9.05962 0.943121 1.08053 0.0589759 0.359188
105 1 6.99986 0.446255 6.76248 1.03558 0.340678 0.231594
106 1 5.34709 2.72966 5.39335 0.908673 1.2559 0.0162144
107 1 9.39159 7.24885 1.37855 -0.959671 -0.092313 0.390774
108 1 8.33012 8.17562 7.07005 -0.0172939 -0.240577 -1.66899
109 1 3.42902 3.8799 3.52455 1.42079 -1.58493 -0.421803
110 1 1.44519 7.93617 6.56367 -1.20767 -0.217769 -0.170354
111 1 1.18494 0.844643 9.0461 0.279664 0.913794 -0.215682
112 1 3.52929 3.37671 2.56967 -0.299982 -0.811532 0.0428792
113 1 0.174714 6.882 7.97778 0.772675 -0.284647 -0.183596
114 1 4.04895 6.20735 2.356 -0.0899609 -0.87238 1.03791
115 1 4.88757 0.863681 5.18679 -0.603722 -0.568173 0.766994
116 1 1.01069 8.2412 0.22457 0.362692 0.214607 -0.389715
117 1 5.8157 7.11708 6.46739 -0.0667484 -0.25626 2.08646
118 1 6.42727 8.90297 8.61899 -1.17461 0.350623 -0.409867
119 1 7.44809 8.2455 1.01332 0.042741 -0.302752 1.01677
120 1 5.69978 8.90574 2.72464 -0.0801053 -0.235167 0.510369
121 1 5.08619 8.84278 7.00419 -0.691812 -0.427497 1.73495
122 1 0.462125 1.49309 1.25253 -0.236948 0.570123 -0.66123
123 1 0.936548 1.26756 4.67269 -0.328244 -0.903128 -0.486603
124 1 1.82545 6.08279 0.591444 0.343341 -0.551646 0.348412
125 1 8.8991 3.18189 5.58717 -0.217235 0.222593 0.550422
126 1 2.1823 5.13764 6.97444 0.926515 -0.174393 0.665704
127 1 3.52757 7.3008 3.56471 -0.340224 0.104704 0.808015
128 1 5.06803 1.9314 7.58129 0.0116859 1.264 -1.21335
129 1 4.40368 6.24715 0.728368 -1.35426 -0.775432 -0.479733
130 1 1.89262 6.08399 7.60134 0.0274591 0.433892 -1.12387
131 1 8.65681 0.618044 5.68294 -1.40011 0.608268 -0.783609
132 1 6.70505 5.72123 2.88738 -0.0350578 0.530078 1.53259
133 1 7.96619 6.90438 1.80529 -1.01082 -0.771311 -0.281828
134 1 5.24399 1.37806 8.64148 -1.40006 0.0139915 0.514907
135 1 5.64271 2.85211 7.56455 -0.0391542 0.433345 0.328093
136 1 3.26436 8.1077 8.73511 0.307383 0.0643814 0.142253
137 1 2.8412 4.56321 7.5964 0.433172 0.873154 1.22286
138 1 3.69684 3.45149 8.04773 1.38975 -0.595438 -0.290933
139 1 0.527747 7.31476 4.31722 0.133325 1.16244 -2.19645
140 1 1.4805 4.85033 4.89196 0.732997 0.43519 0.478283
141 1 1.19724 2.528 0.404567 0.369465 -0.0271692 -0.484763
142 1 3.46508 2.22427 6.92802 0.768267 0.924379 -1.2402
143 1 2.19273 6.12128 6.55786 -0.0137206 0.0572545 0.310383
144 1 8.3032 7.56825 6.18312 0.956977 0.649458 -1.30777
145 1 3.7792 7.08786 6.76661 0.118702 -0.462631 -0.886542
146 1 8.79479 8.19244 2.83482 -0.198018 -1.11725 -0.970133
147 1 3.15493 0.0337619 7.66025 -0.126737 -0.545191 -0.197008
148 1 8.26947 3.3422 8.20843 0.54188 0.642458 0.712994
149 1 1.38238 6.54434 1.49642 -0.715371 0.365937 0.45075
150 1 3.55475 8.49478 5.09294 0.466347 -0.178855 0.318175
151 1 1.25826 0.53912 5.39015 0.725795 0.235029 -1.17803
152 1 5.40189 1.67834 0.243684 -1.1223 0.269959 -0.0221574
153 1 0.298938 5.03003 0.862803 -0.811496 -0.920097 -0.757015
154 1 5.92596 8.06569 7.03012 0.0241262 1.95033 -1.14124
155 1 4.33857 8.39923 8.80841 0.550501 -0.00625429 0.745307
156 1 4.10323 2.71603 1.0538 -0.620233 0.677887 -0.353426
157 1 7.94802 0.978791 6.57744 -0.54578 -0.00690929 -0.753318
158 1 1.04683 8.74425 7.1343 -0.572556 -1.18423 -0.56284
159 1 7.02871 8.37336 5.31094 -0.520137 -0.255357 0.131138
160 1 7.31159 1.94088 8.6242 -0.571339 -0.221042 -0.800492
161 1 8.30092 3.49907 2.22926 -1.08997 -0.809103 0.718647
162 1 8.34076 3.67594 9.20964 -0.320957 0.749476 -0.631798
163 1 8.1581 1.52372 8.0633 -1.01345 -0.448042 0.319581
164 1 3.09934 7.48597 7.8608 0.280952 1.40475 0.629611
165 1 1.53705 1.24361 1.16951 -0.210248 0.357324 -0.0366603
166 1 7.41685 6.50614 5.55888 1.83811 -0.422294 0.403419
167 1 8.99299 8.2166 1.76846 -0.247252 -1.83678 -0.581254
168 1 5.83146 3.31415 1.10129 -1.2282 -0.761378 -1.76369
169 1 3.67654 5.38086 5.15094 -0.097215 -0.0773204 -1.03602
170 1 8.72962 7.60087 8.89592 -0.913005 -0.494629 -0.47861
171 1 9.13771 4.71188 3.81804 0.0100283 0.551366 -0.965008
172 1 6.98131 8.59009 0.0847096 1.03163 -0.281457 -0.222744
173 1 7.46801 6.44609 2.70971 0.363697 0.0507374 0.123294
174 1 2.04284 2.15402 3.30164 0.0172896 -0.100881 0.0614007
175 1 3.8464 0.116047 0.212031 -0.44127 -0.777113 -0.655384
176 1 0.713848 9.10089 4.86303 0.29301 -0.178439 0.584612
177 1 2.01558 1.11687 4.67149 -0.884654 0.109154 -0.323586
178 1 5.24324 8.1097 6.24418 -0.043163 0.718337 -0.282527
179 1 5.06312 6.08639 9.1312 0.793217 -0.501084 -1.21599
180 1 4.39125 8.03738 6.92026 0.0208372 0.54887 0.122523
181 1 8.98868 4.27679 1.18132 0.131886 0.65179 -0.994892
182 1 5.76273 2.22583 2.83458 0.910984 -0.564281 -0.145822
183 1 4.33509 9.19259 1.82809 -0.445191 -0.337286 0.881987
184 1 4.71489 3.40389 7.81381 -0.270411 -2.07737 0.894083
185 1 0.493079 3.19985 6.26105 -0.0248576 1.26269 0.155477
186 1 7.12297 5.87097 4.75142 0.391385 0.452065 0.921521
187 1 5.47814 3.19978 2.51213 -0.0448197 -0.643705 0.171609
188 1 9.29968 6.07793 5.45033 1.08376 -0.131537 0.76122
189 1 2.92927 3.10556 6.61434 0.310064 0.488297 0.644583
190 1 8.98158 5.57382 2.56255 -0.947821 1.61386 -0.33947
191 1 6.25482 3.69172 7.77196 -1.56168 0.460232 1.57151
192 1 7.625 5.33846 7.11846 1.09214 0.287256 0.374774
193 1 4.52976 8.9923 6.09586 -0.168644 0.0724339 -0.549206
194 1 2.88701 9.35618 5.2864 0.112466 0.585608 -0.252145
195 1 8.20513 0.672971 9.36213 1.19293 0.387737 0.317592
196 1 5.82414 8.45853 3.65944 1.22108 0.525236 -0.866544
197 1 1.74827 4.65272 3.82235 1.26922 0.195623 0.492872
198 1 3.02153 5.72821 5.94461 -0.684635 -0.0792821 -0.0339985
199 1 1.24885 7.23804 5.65289 -0.0160488 0.598589 -0.0914488
200 1 4.05527 0.466407 3.62586 -0.29561 -0.0586583 -0.241495
201 1 4.72659 7.19604 6.31976 0.581731 1.07892 -1.18472
202 1 1.2135 3.94402 5.51257 -1.03243 -1.55708 0.236328
203 1 1.96708 6.27517 5.55101 -0.676556 0.433654 -0.43629
204 1 5.80459 3.44649 6.05858 -0.876991 -0.412272 0.655791
205 1 9.16777 7.86152 7.95833 0.528874 0.765598 -0.537577
206 1 6.45394 2.18415 3.69658 -0.63586 -0.475632 -0.557653
207 1 6.4024 1.89089 9.18364 -0.612767 1.04429 0.505691
208 1 7.39339 4.49217 5.61602 -0.0175279 -0.0366665 -0.20212
209 1 6.46317 0.980715 1.72054 -0.0443413 0.093545 -0.769096
210 1 0.15489 5.24185 7.37942 0.341805 -0.123812 -0.304523
211 1 4.0662 1.76601 2.59496 -0.46631 0.838167 0.34178
212 1 4.19275 8.11739 2.22518 0.927926 -0.377234 -0.14177
213 1 3.37297 0.8507 5.82212 0.945215 0.237767 0.225399
214 1 8.96225 4.17712 8.38354 0.692204 0.979802 -0.322228
215 1 1.56324 6.95756 7.03102 0.123477 0.173253 1.57256
216 1 3.73216 2.59219 8.6943 -0.939856 0.0391018 -0.169203
217 1 6.52661 2.95388 2.41503 -0.333249 -0.955488 0.108888
218 1 3.00807 2.91627 1.14655 -0.832405 -0.260211 1.55761
219 1 5.44293 6.23489 0.738892 -0.0844297 -0.0200123 0.105053
220 1 7.61752 2.91731 8.97121 -1.40015 -0.719011 -1.18808
221 1 2.30227 0.84842 5.64981 -0.288463 0.169901 -0.52617
222 1 4.71284 3.67739 3.06936 0.740872 1.13 0.34879
223 1 8.05519 5.85823 2.03987 -0.35234 0.797609 -0.101851
224 1 8.36456 7.6044 1.09697 -1.31989 -0.629723 -0.0495982
225 1 2.08587 2.58916 5.04066 0.940131 0.281896 0.374754
226 1 5.13401 6.37447 6.84814 -0.253859 -0.232043 0.499939
227 1 4.04988 1.33383 1.65276 -0.238187 -0.424099 0.581629
228 1 6.88253 6.3254 8.51909 -0.215972 -0.442745 0.762425
229 1 2.56059 8.5452 2.88603 0.358371 -0.237641 -0.342628
230 1 2.06009 7.76966 0.137428 -0.362447 0.602141 0.0507325
231 1 1.13405 5.97255 6.80851 0.168025 -0.073657 0.251023
232 1 5.66059 7.13003 7.56762 0.274434 -0.82898 -1.10036
233 1 7.70678 7.27181 7.00547 -0.205481 0.618014 -0.172054
234 1 1.02641 3.59302 0.486457 0.630643 0.562709 -0.218094
235 1 8.02378 5.68503 4.25023 0.0224502 0.488161 -0.0372713
236 1 2.91231 5.66006 7.61252 0.773819 0.588192 -0.317436
237 1 7.54411 2.69807 6.70289 0.391887 1.53117 -0.194506
238 1 4.99913 8.22145 0.275682 -0.380132 0.0531605 -0.758184
239 1 2.99917 6.28884 4.97323 0.319514 0.0410711 0.531864
240 1 4.01708 0.176193 5.36626 0.335117 -0.367955 -0.83847
241 1 7.30928 3.86759 3.87089 0.50072 -1.70728 0.278633
242 1 4.71834 3.4823 5.94866 -0.726455 0.218544 -1.40917
243 1 6.05852 8.00434 0.0900755 -0.106857 0.83004 0.744815
244 1 6.7884 3.77308 0.894144 0.885733 0.748012 0.532924
245 1 7.54986 2.59206 2.21623 -0.151205 -0.995182 -0.171422
246 1 7.98208 5.81489 8.06146 0.744803 0.639439 -0.88485
247 1 8.44894 1.4993 1.54908 -0.184225 -0.440155 -0.104983
248 1 9.08434 5.88862 8.09484 -1.08563 -0.656013 -0.472215
249 1 0.574519 6.25245 8.78527 -0.354556 0.266832 -0.95575
250 1 3.17196 9.17548 3.50845 -0.102814 1.37582 -0.00392647
251 1 1.5476 8.69267 2.98379 0.844061 0.820892 0.208574
252 1 5.33703 4.69987 3.82631 -0.797931 -0.222959 -0.41545
253 1 0.0604141 6.29531 7.13297 -0.0957505 0.948251 1.17163
254 1 6.44986 1.05857 4.28097 0.9484 1.00473 0.209696
255 1 9.17931 0.687511 1.58242 0.0150288 -0.343078 -0.335499
256 1 8.04965 5.15521 6.14224 -0.983401 0.0148969 -0.823511
257 1 3.44398 8.74122 1.46449 -0.121306 0.607912 -0.979476
258 1 5.48674 0.695316 4.13717 -0.0922338 1.17711 -0.00512817
259 1 4.5483 5.20185 5.76494 -0.131898 -0.724952 -0.206935
260 1 3.89607 9.01202 6.99331 -0.455314 -0.325655 -0.26479
261 1 7.67795 3.27743 0.621478 -0.760031 -0.925225 -0.280263
262 1 4.43192 2.77871 2.54873 0.742487 0.615998 -0.207781
263 1 6.49337 2.65626 6.44694 0.52861 -1.05793 0.83751
264 1 8.11439 4.62061 3.95561 0.29427 0.0708248 0.127542
265 1 7.8689 3.96375 4.75968 0.167618 -0.307765 0.178773
266 1 8.52155 4.71233 2.94864 1.08209 -0.211352 1.02131
267 1 2.17485 0.122783 3.24878 -2.34242 -2.10157 -0.297042
268 1 5.56649 3.42611 8.50627 -1.1313 0.549888 -0.843352
269 1 1.71374 6.1028 8.67457 0.155756 -1.10539 -0.21154
270 1 0.180391 0.984936 6.13658 0.712589 -0.708102 -0.294193
271 1 2.23957 2.06771 0.969027 -0.585465 0.40699 -0.528319
272 1 5.39534 2.58029 6.51146 0.648226 -0.264341 -0.599119
273 1 0.473948 5.63745 3.18166 -1.11801 0.295494 0.282118
274 1 5.44298 8.43384 8.68549 -0.165451 -0.770817 -1.01887
275 1 3.29543 7.05502 8.89008 0.696042 -0.888151 0.633637
276 1 9.19485 6.51317 3.04114 -0.0484619 -0.248181 -0.42669
277 1 8.12593 4.94704 5.01232 0.852913 -0.320866 -0.391255
278 1 2.09849 2.70804 7.14017 0.251011 -0.701784 -0.983707
279 1 0.858544 0.516066 1.59777 -0.116083 -0.906196 1.0763
280 1 6.5527 2.88552 8.76928 0.0584728 -0.294188 -0.450272
281 1 6.51987 7.96524 3.02248 -0.225287 -1.1808 -0.070297
282 1 4.30522 9.04875 2.88814 1.70832 0.195576 -1.05913
283 1 9.07031 8.95393 5.01542 0.538091 0.410887 -0.720302
284 1 3.79561 9.31509 8.53444 -0.0269248 0.917445 -1.3859
285 1 3.62454 5.64031 1.10355 -0.583114 0.302575 -0.103038
286 1 1.01138 0.165462 6.40557 0.435101 -0.487056 -1.2197
287 1 3.9727 5.58725 4.134 0.357541 -1.32878 0.0939272
288 1 1.22593 2.23739 1.45231 0.845318 -1.43366 0.913401
289 1 6.10067 3.15191 3.39414 -0.165797 0.960606 0.360636
290 1 1.88313 7.73984 3.34266 -0.578264 -0.571142 0.979467
291 1 2.83238 0.145637 6.39955 -0.313063 0.0502674 0.0595565
292 1 2.06607 3.38418 6.00856 -1.71839 0.0326878 0.407601
293 1 4.05929 0.664043 2.52273 -2.01657 0.295286 -0.38228
294 1 1.32898 6.88134 9.30251 0.990255 -1.07929 1.30028
295 1 4.26417 2.59742 5.54678 -1.10105 -0.568266 -0.425064
296 1 5.89145 4.67449 7.83505 0.751296 0.391872 -1.42077
297 1 6.38696 5.38423 8.77059 -0.514525 -0.151388 1.22268
298 1 2.92699 6.42115 3.74961 -0.482744 -0.163931 -0.576226
299 1 8.04795 7.95645 2.08292 0.0431506 1.89122 0.581431
300 1 6.75985 3.88296 2.94317 0.042617 0.381134 -0.508284
301 1 0.39382 2.45811 7.04847 0.313209 -0.126673 0.413095
302 1 6.58701 8.76679 4.43475 -0.337029 1.10544 -0.48643
303 1 4.30853 6.21386 6.12367 -0.372798 -0.807945 -0.359901
304 1 7.44007 2.68388 4.98211 0.429648 0.282961 -0.202107
305 1 3.22304 0.758407 8.97287 0.394001 -0.40396 0.434197
306 1 0.238004 7.06084 5.33662 -1.25045 0.210713 -0.654159
307 1 6.60169 7.63218 1.42739 0.816306 -0.969606 0.0858371
308 1 5.57773 1.30613 2.33507 0.908768 -0.372737 -0.212488
309 1 3.52363 4.97811 6.91023 -0.00698838 -1.13019 1.90634
310 1 2.49491 0.181507 4.26562 -0.274127 0.293808 -0.264338
311 1 4.69688 0.804102 0.485107 0.280526 -0.353239 0.203385
312 1 0.332147 2.46498 2.02771 0.471397 -0.221416 0.0797114
313 1 7.15018 3.62804 1.90428 0.21152 -0.136521 -0.215497
314 1 4.9448 4.32947 8.37794 -0.608505 -0.151373 1.09759
315 1 4.51472 5.42989 6.80723 -0.415989 0.159118 -1.47313
316 1 2.53012 0.48789 2.14867 -1.38449 0.729875 -0.749921
317 1 1.64275 1.60317 0.185418 -0.0155959 -0.425431 -0.982088
318 1 8.92859 6.53297 8.93849 -0.645719 0.471299 -1.04539
319 1 1.17392 0.389236 7.42601 1.11909 1.05871 -0.893899
320 1 7.97298 0.23404 3.23307 -0.848325 0.364316 1.12916
321 1 3.79274 3.38375 4.46252 0.220249 0.858751 0.290181
322 1 0.0836539 8.38253 8.96753 0.399763 0.183473 -0.154031
323 1 3.58165 8.2711 3.0948 0.742908 -0.61621 0.42717
324 1 7.14263 4.65188 1.44349 0.263004 -0.695991 -0.0649143
325 1 6.63376 4.78818 2.38649 0.43821 -0.636576 -0.148304
326 1 9.36976 8.6232 7.21788 -0.974418 0.257806 0.415536
327 1 3.70619 6.61618 7.74811 -0.162551 0.269183 0.743207
328 1 4.29968 4.04937 2.08279 0.110207 -0.627496 0.224955
329 1 1.03527 3.27593 2.01262 -0.402216 -0.231704 0.276419
330 1 3.33149 1.9107 1.04849 -1.77938 0.691324 -0.433649
331 1 2.86651 3.22901 8.69604 -0.12301 0.389279 -1.36126
332 1 1.1691 2.12969 8.73053 0.60456 0.741832 0.689426
333 1 5.72865 5.3415 3.02531 -0.0888347 -0.0502232 0.703044
334 1 3.32875 8.06637 6.91476 0.485325 0.375536 -1.34842
335 1 4.88625 3.17529 1.65708 -1.33822 0.957191 -0.940446
336 1 8.5315 6.92345 5.37387 -0.603719 -0.213418 -0.267097
337 1 5.78084 6.30037 8.296 0.413835 -0.110343 0.501916
338 1 7.47059 1.3374 4.57328 0.483883 0.546165 -0.377456
339 1 7.1222 7.33762 8.21888 0.649108 -0.275848 -0.0311981
340 1 0.643886 6.46109 2.33594 -0.70766 0.341393 0.889924
341 1 0.20742 9.06498 1.7759 -1.12119 -0.23111 -0.496943
342 1 4.60947 7.08742 7.44342 0.242282 -0.3727 0.783598
343 1 2.04548 4.29463 2.87689 0.289552 0.368941 -1.30673
344 1 5.27815 0.438721 6.07614 0.480019 0.515131 0.422304
345 1 8.51065 9.06868 4.04504 0.228112 -0.446156 0.231773
346 1 0.391714 4.1542 9.07869 -0.462582 -0.375065 -0.0733363
347 1 2.71623 5.40655 0.561551 0.133305 1.08758 0.999322
348 1 4.94027 2.54241 8.42434 -0.790237 0.306413 0.144021
349 1 4.52942 2.46064 0.0108847 0.637464 -1.26805 -0.0546013
350 1 5.5939 7.40967 3.30227 -0.0136732 -0.668838 0.00416353
351 1 7.73706 4.39581 0.348075 -0.186723 0.729104 -1.00991
352 1 3.68304 6.03783 8.6269 -0.300892 0.296284 0.78241
353 1 0.687389 2.27034 4.87563 -0.0459119 0.457548 -0.272249
354 1 1.65503 9.30236 9.06756 0.565106 0.645666 -0.684128
355 1 7.52546 4.31261 7.5173 -0.57005 -0.199124 0.255295
356 1 0.152721 5.2146 8.94368 -0.489323 1.36976 0.399857
357 1 7.06804 8.39037 2.02731 0.0694967 -0.823715 0.385986
358 1 6.34787 7.07207 0.553561 -2.32592 -0.912195 -0.562923
359 1 3.06662 1.71431 8.54629 0.890226 -0.286784 0.251707
360 1 5.87967 4.74452 4.74429 -1.29946 0.388675 -0.818257
361 1 0.819932 2.0726 3.49602 0.577872 0.562539 -1.06437
362 1 5.3717 3.62811 3.97017 0.518324 1.48205 -0.272823
363 1 7.12728 7.49189 9.27845 0.209168 1.1237 0.137661
364 1 2.62316 1.04809 1.20969 1.78165 0.762395 -0.502746
365 1 2.12155 5.12366 8.19092 0.17389 0.0305659 -1.1691
366 1 7.06507 5.61512 6.19276 -0.704164 0.328198 0.300849
367 1 0.810665 4.25897 2.5537 -0.536197 0.284945 -0.127016
368 1 2.61234 7.99166 1.24365 -0.302558 0.284051 0.561118
369 1 6.70207 2.61207 7.57827 0.468799 0.764542 0.988469
370 1 5.82336 2.45671 1.74472 0.957753 0.406972 0.138983
371 1 9.16224 8.11325 4.37696 0.175311 0.181922 -0.824576
372 1 1.53462 4.34996 6.45776 0.795361 1.12729 0.754428
373 1 5.61252 0.659949 9.39151 -0.546068 -0.49007 -0.376751
374 1 6.21083 6.38854 4.24612 0.636723 1.04932 0.734028
375 1 6.36149 6.26038 5.39056 1.46743 -0.4023 -0.537934
376 1 4.26855 1.71705 8.39677 1.56582 0.920422 0.414582
377 1 1.1036 5.22838 8.529 -0.354358 0.76514 -0.837977
378 1 6.00266 8.30168 1.93339 -0.248173 0.726819 -0.10265
379 1 7.87604 4.31706 8.531 0.301528 -0.667452 -0.664664
380 1 8.35363 7.19555 2.778 -0.113519 0.879711 0.196924
381 1 2.17083 1.08635 8.76104 1.13552 -0.117969 0.225021
382 1 7.17808 6.15834 3.73955 -0.852611 -0.753558 -0.046186
383 1 6.55196 4.60624 0.258887 -0.923654 -0.371293 -1.45498
384 1 7.21756 0.412078 2.38019 -1.06192 -0.0747906 0.511952
385 1 4.8768 9.22756 0.79292 -0.237499 0.447706 1.14474
386 1 8.78347 0.806954 2.75023 0.0853112 0.120254 -0.300847
387 1 0.436009 0.578491 4.11345 -0.658008 0.507487 1.37151
388 1 7.52515 9.21412 1.53685 -0.0292144 0.368595 1.29695
389 1 7.8139 3.41144 5.62832 0.145619 0.0970827 0.0699286
390 1 3.85122 4.84471 3.33996 0.688003 0.390713 0.262758
391 1 4.69577 9.05793 7.98952 -0.02232 0.269086 -0.527203
392 1 8.06818 2.43288 5.81356 0.888981 0.483718 0.346424
393 1 3.7368 7.73555 1.28152 -0.0737905 0.289597 -1.22927
394 1 0.49703 4.42446 6.70267 0.109702 -0.33355 -0.290688
395 1 7.21982 8.1514 7.42499 0.2237 0.915844 -0.977106
396 1 2.91196 2.9075 3.40538 -0.479066 0.414135 0.746374
397 1 6.06536 3.58104 0.0813818 -0.511301 0.61059 0.131661
398 1 9.00118 5.53671 1.50285 1.08147 -0.0866564 0.203803
399 1 1.99801 3.20195 2.81258 0.384162 0.30065 0.311907
400 1 7.57134 8.22309 2.97901 -0.581104 0.364623 -0.64974
401 1 5.59528 1.57163 4.794 0.420529 -0.213535 0.51379
402 1 8.55916 2.13029 3.86293 0.23792 -0.91146 0.494939
403 1 1.18768 5.50622 1.25802 -1.59975 -0.0799378 1.15024
404 1 6.36124 7.60995 4.06048 1.32479 -0.485657 -0.971027
405 1 2.15454 9.22057 7.19772 0.237871 -0.71411 1.39405
406 1 4.84105 2.03731 1.90596 0.0637452 0.548253 -0.895206
407 1 5.51983 1.47235 1.28399 -0.607674 0.153781 0.0158248
408 1 3.36716 3.80924 1.57595 -0.228484 -0.0892824 -0.315647
409 1 1.84497 2.97237 4.00426 -0.28963 -0.338458 0.96864
410 1 0.239456 3.63803 7.39863 -1.12092 0.814953 -0.0419668
411 1 5.87055 0.434729 5.16349 -1.01969 0.122105 0.980189
412 1 7.24608 0.338046 4.28005 -0.131744 0.493077 0.476463
413 1 3.9262 7.7006 0.120641 -0.144401 0.446533 -0.629402
414 1 8.87484 3.68772 4.67051 -0.908158 -0.487301 1.12712
415 1 2.03435 3.06474 0.726254 0.869963 0.279987 0.667565
416 1 7.18536 1.58447 1.1327 1.93722 0.4064 -0.264864
417 1 0.943867 6.04788 5.76697 0.967625 -0.389916 -0.27462
418 1 5.39318 9.11349 1.71148 -0.279226 0.980375 -0.125392
419 1 8.07632 3.10583 4.15536 -0.483913 -0.583122 1.73157
420 1 1.53179 1.78056 5.4125 0.805076 0.435323 -1.02
421 1 5.95948 8.1495 5.02937 0.668557 -1.45572 0.277628
422 1 3.97755 2.99455 3.49002 -0.489345 -0.0581068 -0.0720236
423 1 9.36353 3.49374 2.03491 0.407873 0.873485 0.552263
424 1 8.09446 9.40474 4.96344 -0.344649 -0.405242 -0.693096
425 1 2.66998 2.05193 4.19132 -0.754544 0.86746 -1.09185
426 1 9.04564 1.08294 0.574135 -1.13223 0.314205 -1.38584
427 1 6.33352 5.22722 7.05507 -0.369689 -0.452913 1.57503
428 1 3.43763 8.78579 6.08104 -0.0452693 0.530048 1.55084
429 1 3.0569 7.25602 0.57946 -0.309507 0.305369 -0.210522
430 1 2.54521 7.3588 4.06888 -0.745093 -1.05559 1.10642
431 1 8.5932 0.790028 7.39606 -0.416611 0.414418 1.0189
432 1 5.72565 1.04681 7.70991 0.286931 -0.478416 0.314402
433 1 3.58103 0.663023 6.94156 0.253142 -0.913829 -0.583603
434 1 6.49168 6.03869 0.935523 1.59841 -0.424234 1.67945
435 1 1.32324 2.39488 2.5188 0.452533 -1.54375 0.399209
436 1 9.07246 2.17808 1.02767 -0.555074 -0.422185 -0.501031
437 1 8.51184 5.17335 8.7504 -0.254762 0.262208 -0.604933
438 1 7.37805 7.17942 0.864592 -0.379853 -0.598595 0.474205
439 1 4.89114 8.17143 3.06768 -0.940854 -0.289265 -0.43412
440 1 1.58258 5.86121 2.23925 0.746495 -0.14331 -0.44427
441 1 7.25386 1.81966 3.03663 0.796932 -0.342425 1.13299
442 1 6.02524 4.1971 6.84225 0.471505 -0.968309 -1.13612
443 1 3.30979 5.00173 8.42236 -1.39182 -0.382371 -0.829081
444 1 7.83279 6.28989 6.54436 -0.398401 -0.0130788 -0.769905
445 1 4.30838 0.804509 8.91609 -0.428818 1.50678 -0.68923
446 1 6.83167 4.48795 8.33155 -0.825078 -0.46223 0.305363
447 1 2.75691 6.34553 1.06703 -0.460075 -0.751961 0.0673527
448 1 6.59241 8.8763 6.93255 -1.30409 -0.561409 -1.07298
449 1 0.809915 0.681489 0.582864 -0.0457717 -0.358241 1.01521
450 1 1.43042 4.27039 9.04413 -0.401317 0.11916 -0.209346
451 1 5.83543 8.89805 7.7194 -0.316121 0.0860058 0.132462
452 1 6.81966 6.62648 6.47885 0.651265 -0.534636 1.32659
453 1 4.84603 6.50991 1.7083 -0.915761 -0.389442 -0.187639
454 1 4.58157 7.28562 3.70205 1.33026 0.873232 -0.266154
455 1 6.62412 5.19414 5.35546 -0.0324374 0.51683 -0.615419
456 1 7.19846 4.84975 3.36334 0.822443 0.300362 0.360774
457 1 6.13216 7.29308 2.35149 -0.864755 -0.455928 -1.18584
458 1 0.683685 7.00914 3.29556 -0.309697 0.683708 1.25343
459 1 0.93393 7.30972 0.774645 -0.337246 -0.478941 -0.510793
460 1 8.18893 1.70316 0.348291 -0.378613 -0.64896 -0.419925
461 1 0.733891 4.67449 3.60196 0.244768 -1.04987 -0.796266
462 1 3.10962 8.03488 2.16643 0.659903 -0.692263 -0.123431
463 1 1.85312 0.223073 1.3427 -0.742228 -0.927877 0.47564
464 1 8.90037 4.72034 6.62885 -0.588395 -0.421641 0.293145
465 1 8.11877 7.62737 7.95046 -0.897019 -0.888764 -0.58649
466 1 7.41852 7.28027 3.52173 0.536736 0.0955553 -0.475724
467 1 6.31609 1.23739 0.624281 -1.87918 -0.0477234 0.399911
468 1 8.26825 8.03888 3.74927 -0.135124 -1.18551 -0.301706
469 1 0.469263 2.83282 8.02383 0.281084 -0.779877 0.575178
470 1 0.444672 2.02945 5.98573 -0.476401 -0.698687 0.768631
471 1 2.2667 8.48312 8.76968 -0.818351 1.1295 0.546622
472 1 5.28523 6.5547 5.68543 -0.292513 0.416938 -0.522887
473 1 8.97178 2.24448 7.77678 -0.0911506 0.0756222 -0.86632
474 1 6.65321 0.278052 9.29484 -0.210053 0.234223 -0.95342
475 1 2.95632 1.41668 7.48968 -0.204853 -0.234999 -0.655292
476 1 9.19979 1.55605 6.9857 0.515378 0.308441 -0.554433
477 1 9.24566 9.21497 8.25827 0.254496 0.815298 1.21915
478 1 1.00631 0.104183 3.36578 0.0433638 -0.994731 0.0059159
479 1 0.238876 6.65357 0.331517 1.29353 0.793494 -0.0504867
480 1 5.97883 5.95085 6.3331 0.683935 -0.928562 0.0845127
481 1 3.74218 6.68906 1.44061 0.470884 0.142549 0.418436
482 1 5.22788 7.88687 4.29979 0.523569 0.0401037 1.70808
483 1 5.13689 5.3793 1.32427 0.163287 0.515396 0.128633
484 1 7.95784 4.00858 1.3431 0.169043 -0.459174 -0.108839
485 1 8.48582 4.94581 7.69257 0.312535 0.222574 1.07869
486 1 1.56598 2.01198 4.27799 -1.48252 -0.888411 1.06661
487 1 0.628557 5.55189 4.87978 0.647802 0.0547434 0.577184
488 1 6.72106 3.06782 4.28324 1.25021 1.0947 -0.530514
489 1 0.467078 8.77526 2.77127 -0.0437887 1.29701 -1.57256
490 1 8.99707 7.23134 3.77355 -0.964844 -0.70528 0.175336
491 1 6.48747 6.80832 3.24221 1.12815 1.00225 -0.22701
492 1 2.03508 7.11491 0.948458 0.921748 -0.358868 -0.290625
493 1 8.6972 6.52559 0.958908 0.582662 -0.487067 0.0253101
494 1 5.78958 3.66108 4.9515 -1.58006 -1.14853 0.482727
495 1 2.05541 1.73428 1.9964 0.265884 -0.497784 -1.46238
496 1 2.70465 2.44454 2.50006 -0.0422249 -0.678032 0.428039
497 1 7.30828 6.46334 7.54621 0.525565 0.00460309 -0.379743
498 1 6.27971 1.0107 8.63694 -0.150572 0.315232 -0.200517
499 1 4.27213 2.00873 3.58064 -0.224776 -0.313575 0.130312
500 1 4.45206 4.30512 0.0747092 0.740528 -0.576891 -0.468438
501 1 7.0242 4.57628 6.59649 0.142958 0.173676 -0.559671
502 1 9.23114 3.92674 3.00842 -0.182341 -1.09161 -0.286825
503 1 2.3592 7.66428 7.10622 -0.385918 -0.83929 0.540302
504 1 3.32717 8.22297 4.11117 0.995278 -0.699367 0.214101
505 1 7.08196 3.79229 9.18566 0.385133 0.863011 -1.36784
506 1 2.25128 4.42478 5.60355 0.141665 -0.359096 -1.12703
507 1 6.34503 0.0286382 6.03468 -0.727686 -0.523361 -1.0971
508 1 4.8069 5.57032 3.47032 -0.226693 -1.29688 -0.904854
509 1 3.78031 3.29416 0.211452 0.39543 0.0272018 1.25324
510 1 5.6011 4.80896 2.13564 0.0882389 0.268493 0.521644
511 1 4.60825 0.364695 6.9558 -0.15251 1.12757 0.0501482
512 1 8.79325 8.50393 0.7092 1.02252 -0.0350373 -1.01869
513 1 0.403721 7.33998 8.90091 -1.37986 -0.233577 -0.0498938
514 1 1.39665 5.13197 2.93657 -0.922357 0.651702 0.219641
515 1 6.67374 7.33597 5.69887 -0.119671 -1.32391 -0.0673568
516 1 2.45213 6.29971 2.72634 -0.334811 0.12716 -0.279906
517 1 7.96007 2.36889 1.18764 -0.176162 1.00735 -0.417704
518 1 1.25205 3.36235 7.019 -0.0087645 0.27938 -0.0146652
519 1 3.10604 3.89615 5.17411 -0.295413 0.223544 0.25278
520 1 2.09696 0.821767 7.68683 -0.245339 0.536619 0.252137
521 1 8.46598 4.20543 5.72478 0.179622 -0.0327718 0.00792149
522 1 4.37134 5.19601 8.70795 1.25436 0.26623 0.357307
523 1 2.71727 7.31063 2.88493 0.319826 -0.624024 0.214991
524 1 9.24821 3.57346 0.391598 -1.56196 0.760283 0.759886
525 1 8.98962 2.53546 6.3895 -1.06552 0.507507 -0.74859
526 1 4.71775 0.763588 7.92894 -0.782951 1.02509 -1.17309
527 1 8.51877 0.976107 4.69076 -0.684716 -0.0684051 0.422753
528 1 5.44908 5.01198 6.38686 0.129782 0.577197 0.7597
529 1 6.86646 3.63291 6.02785 -0.86895 -0.197774 -0.893504
530 1 5.49616 8.90342 5.63404 -0.0353914 0.331106 1.30664
531 1 8.17916 8.34133 4.79056 0.354902 1.09419 0.910611
532 1 3.10207 5.93922 1.99223 0.498189 0.968804 0.400579
533 1 4.19735 7.72229 4.60114 -0.671602 0.0323045 0.792467
534 1 7.30869 7.98131 4.33328 1.29423 -0.225196 0.894736
535 1 8.35637 0.433586 8.35419 -0.162572 0.195953 -0.169445
536 1 1.51713 6.94738 3.96405 -0.896343 -0.355089 0.976073
537 1 0.0983094 1.06795 7.98579 -0.465724 -1.20956 -0.336679
538 1 2.20997 7.14461 5.06689 0.745511 -1.25253 -0.557898
539 1 1.97298 9.24204 5.82609 0.235223 0.677517 0.443315
540 1 0.118016 0.640163 9.06841 -0.683828 0.205613 -0.184505
541 1 6.23101 0.0792709 3.65707 0.925382 -0.991791 -0.513145
542 1 0.826863 5.97708 7.81527 -0.118467 0.042332 0.364058
543 1 2.85713 9.22909 9.28158 0.77782 1.45193 -1.11872
544 1 8.81334 6.42825 4.49163 -0.289056 -0.515883 -1.20315
545 1 7.16503 6.41738 0.13713 1.4014 -1.10866 0.318589
546 1 1.71775 5.32104 6.0038 -0.180584 0.408958 1.16672
547 1 8.2577 5.90285 5.3763 0.0280455 0.46074 -0.144952
548 1 0.63673 8.46658 8.06462 1.3038 0.447756 0.296483
549 1 2.69399 3.49836 7.59541 0.13208 0.58259 1.15815
550 1 8.94518 8.47648 6.2513 -0.0582004 0.432062 0.106305
551 1 7.01793 5.64368 1.84037 0.777911 0.715353 -0.433618
552 1 2.34745 4.47529 0.899792 -0.123085 -0.845238 -0.750063
553 1 1.57719 7.82259 4.53435 0.488244 -0.364989 -1.14838
554 1 0.637545 4.15065 1.45005 -0.287926 0.570568 -0.451162
555 1 6.81109 8.99844 2.88981 -0.754787 -1.15834 0.899911
556 1 1.80716 8.84813 4.85901 -1.47832 -0.677145 0.332623
557 1 2.39861 6.69014 9.33504 -1.34721 -0.165075 0.21348
558 1 9.00588 3.08718 3.63896 -1.12558 -0.539382 -0.336341
559 1 2.78732 6.70934 7.17313 0.384548 0.19891 0.419505
560 1 3.48054 0.444457 1.63494 -0.554062 0.080263 0.231809
561 1 4.59264 1.24359 4.24192 -0.0929798 1.57555 1.41361
562 1 0.020391 -0.00108223 0.778261 1.30745 -0.930105 0.704874
563 1 4.42684 4.07725 4.01445 0.502432 -1.12838 -0.586381
564 1 7.08549 1.9804 5.78301 -0.790233 -0.377049 0.108312
565 1 8.47189 2.96058 7.18196 0.475439 1.06548 0.115511
566 1 5.08312 0.348048 2.5261 -0.403189 -1.37037 1.00235
567 1 9.01805 5.40574 4.61382 0.199831 1.15549 1.28856
568 1 2.75911 3.65148 0.287006 0.567032 0.700182 0.158974
569 1 9.11419 2.63145 4.67264 0.195695 0.281514 0.314848
570 1 6.1631 5.02103 1.19687 0.179502 -0.201659 1.1455
571 1 2.06507 3.62208 4.92247 0.202767 -0.160069 -0.0116493
572 1 1.56794 8.07968 1.14921 0.861378 -0.645211 0.596029
573 1 6.71679 1.51768 7.83496 -0.127507 2.18452 1.8559
574 1 6.63049 2.01629 4.73553 -0.323398 -0.297881 -0.0442706
575 1 7.82698 1.28519 5.5636 0.294546 -0.608398 0.0452939
576 1 2.47975 4.51732 4.53192 -0.891597 -0.192568 -0.845051
577 1 5.00623 4.54154 7.26152 1.28273 0.273541 -0.707237
578 1 5.17593 7.66174 2.03193 0.239893 0.911944 0.340503
579 1 8.86291 0.654791 3.75519 -0.336424 0.161292 0.123558
580 1 2.06902 6.17058 4.45091 -0.896811 -0.114151 0.40197
581 1 7.50656 0.896992 7.54219 0.219216 0.277157 1.23695
582 1 4.99914 3.3822 0.399452 -0.420724 1.68901 -0.66495
583 1 0.176599 2.60334 0.190243 0.42327 0.174586 -0.147176
584 1 0.31902 4.53708 4.74513 -0.885554 -0.235419 -0.295219
585 1 2.42913 0.117299 8.38116 -0.0609178 0.00563195 1.68032
586 1 4.76671 4.69477 2.83909 0.211121 0.235963 0.146146
587 1 4.75331 8.31727 1.34715 0.403875 1.12877 -1.3072
588 1 7.93904 6.74395 8.5594 -0.509076 0.0664067 -0.279451
589 1 3.42813 4.38648 0.645224 -1.52013 -0.187835 -0.835781
590 1 6.23152 6.25335 7.34738 -0.017917 -0.119117 0.382827
591 1 6.93768 5.4794 7.87288 -0.312554 0.226914 0.208501
592 1 7.24697 2.30328 0.338401 -0.591359 -0.137509 0.0146789
593 1 7.50112 2.22569 4.01257 -1.11048 0.415533 0.345083
594 1 4.62497 0.133905 4.47295 0.106843 -0.150759 0.41792
595 1 6.58995 1.91901 2.20154 0.150242 -0.222601 -1.50956
596 1 9.06188 7.37997 6.94594 -0.217632 -0.654125 -1.08211
597 1 7.1724 2.92778 3.28869 0.368034 0.421464 0.495705
598 1 9.28342 1.60338 5.18569 0.150184 -0.0874487 -2.4014
599 1 4.86894 0.674275 1.53981 0.392544 -0.211154 -0.45219
600 1 4.30513 6.79167 9.1794 0.10385 -0.549001 -1.13538
601 1 9.31698 1.52613 2.20942 -0.950339 0.38533 -0.796198
602 1 3.57449 4.59197 4.39427 0.38423 -0.697815 -0.855931
603 1 1.21707 3.92198 4.40431 -0.581648 0.839269 -1.60933
604 1 5.59961 2.64606 9.25226 0.31659 1.34609 -0.51027
605 1 3.04194 8.3205 0.35784 -0.251375 -0.24644 1.83041
606 1 1.87466 1.62413 7.01645 0.821285 0.886681 0.968216
607 1 1.94759 2.9262 8.15988 -0.191759 -0.71611 0.858317
608 1 8.47842 9.11997 7.5488 -0.807297 -0.471143 -0.073731
609 1 4.64529 7.28771 0.952987 0.221963 -0.567268 0.981791
610 1 5.17378 1.2215 6.80967 0.737824 0.504042 0.116242
611 1 3.08997 2.8874 5.52368 0.445965 -0.6285 0.0215209
612 1 6.94154 2.74311 1.34031 -0.0360734 -1.21099 1.8096
613 1 5.62522 7.75784 1.03741 0.148112 0.440167 0.503328
614 1 1.31897 1.12357 3.67107 -0.019545 0.223643 -0.245572
615 1 5.79638 9.02687 0.177051 1.7176 -0.728621 0.159845
616 1 7.21241 3.47709 8.13729 0.666866 0.398759 -0.483265
617 1 3.5896 2.46451 1.9428 -0.74183 -0.0649485 -0.420385
618 1 6.65187 7.28128 7.26835 0.280603 -0.400955 0.200454
619 1 3.56946 4.09787 8.93928 0.966896 -0.574624 -0.129099
620 1 1.18964 3.66657 8.09179 -2.35028 0.559245 0.418273
621 1 6.17516 0.459677 2.6408 -0.0279587 1.08145 0.785033
622 1 7.15876 4.8202 4.47729 0.0813894 0.0516251 1.32561
623 1 2.72738 7.06562 1.84523 0.517061 -0.0531804 -1.39175
624 1 4.64194 8.60801 5.04219 -0.42442 0.120138 0.350834
625 1 7.47011 9.2394 7.83603 -0.724296 0.210346 0.0483565
626 1 8.97563 3.65613 6.53375 0.234073 -0.38076 0.367335
627 1 9.25911 4.58691 2.15186 1.29235 -0.697839 -0.488543
628 1 0.658259 8.03808 5.07063 0.147688 -0.747329 0.943935
629 1 7.98776 8.15904 0.0550174 0.89014 0.525245 0.330715
630 1 0.513834 1.60524 0.142857 -0.456744 -0.689415 -0.533737
631 1 1.3946 6.21958 3.21613 0.00545484 0.199442 -0.56565
632 1 5.1642 4.18678 1.43577 1.43939 1.35459 -1.10767
633 1 2.38202 5.38557 5.16972 1.49138 0.0328745 -0.230548
634 1 8.67905 1.60276 6.06916 -0.0655526 0.481347 0.241582
635 1 3.67577 7.18759 2.42292 -0.62656 0.184122 -0.398759
636 1 5.05396 8.02932 7.77104 0.161017 -1.14285 0.785068
637 1 4.69075 4.96758 4.72713 0.63876 -0.661007 -1.10991
638 1 8.82524 9.20695 9.29068 -0.774885 0.227627 1.01724
639 1 6.30759 4.17809 3.94046 -0.189075 0.477532 -0.149247
640 1 5.87146 4.43655 8.86727 -0.365505 0.314738 -1.29022
641 1 7.73395 2.54723 7.82996 0.181499 0.935008 0.595139
642 1 4.81025 1.15608 3.15668 0.598343 1.24713 0.454356
643 1 7.25177 1.22458 0.117798 0.679312 -0.424108 0.544643
644 1 4.67034 2.39831 4.51656 -0.47555 0.986648 0.259553
645 1 4.74873 3.46787 4.88643 0.469779 -0.933636 0.314663
646 1 5.36291 5.54702 7.43282 -0.218866 0.314825 1.74624
647 1 8.30422 5.16728 0.802974 0.139064 0.87743 0.646795
648 1 7.9804 1.24457 3.6453 0.593127 -0.47873 0.762334
649 1 1.21081 2.85727 5.57395 1.14971 0.615703 -0.288052
650 1 6.88147 0.357854 0.914063 -0.374621 -0.46339 0.330504
651 1 6.15994 4.38182 5.77822 -0.382867 0.077374 -1.56139
652 1 7.08769 6.93389 4.59516 -1.36829 -0.140296 -0.551224
653 1 3.98124 5.53694 7.71557 1.29619 -0.104775 -0.0114644
654 1 5.73219 5.34197 0.20751 -0.331369 -0.486557 -0.146197
655 1 1.79052 5.22983 9.32572 0.539782 0.865626 0.343603
656 1 2.94148 5.46788 4.28333 0.160032 0.228265 -0.29928
657 1 3.26873 7.33157 4.91293 -0.377674 -0.108756 -0.290266
658 1 0.807418 0.149943 8.37488 0.865426 0.122796 1.04872
659 1 9.08862 5.03335 5.58234 0.0563032 0.154483 0.235363
660 1 0.344256 0.420549 2.4929 -0.551177 0.975336 1.47931
661 1 1.65353 3.82739 1.34216 0.0750425 0.646754 -0.727808
662 1 2.65831 8.46783 7.75096 0.792136 0.230845 0.481005
663 1 7.92502 9.12021 0.562519 0.0481541 1.09105 0.288109
664 1 0.108834 2.09302 8.66935 0.344674 -0.618178 -0.274843
665 1 2.64911 4.60986 9.21438 -0.722767 -0.494607 -1.45895
666 1 2.44732 3.85343 2.03897 0.0514142 -1.04346 0.938813
667 1 0.202752 5.55566 6.37321 -0.694018 0.386845 -0.87802
668 1 4.17039 6.97311 5.40037 1.58094 -0.531251 -0.369368
669 1 7.05434 1.60894 6.79429 0.817852 -0.0644012 0.304412
670 1 6.21631 1.09843 6.29441 -0.797502 -2.75518 -0.308058
671 1 8.1304 7.2467 4.4315 -0.679449 -0.0436173 -0.0101975
672 1 6.80847 3.90884 4.94872 -0.377616 -0.911059 0.324315
673 1 6.29351 8.33574 6.03879 -0.211221 -0.537459 0.541926
674 1 1.86902 4.17604 7.4318 -0.702637 -1.22579 1.08368
675 1 1.24447 5.56893 4.04724 -0.712755 -0.230879 -0.353923
676 1 2.80536 4.74906 3.50853 0.560947 -0.721311 0.0104228
677 1 5.80366 0.378682 1.0109 -0.037007 1.36611 0.746866
678 1 0.397719 3.03816 1.14496 -0.661859 0.641349 0.680078
679 1 4.17053 1.45455 7.29666 -0.887619 0.390583 -0.987674
680 1 0.587816 6.85893 6.41914 0.146105 -0.827441 0.639036
681 1 3.08361 0.862624 4.80211 -1.01297 0.476989 -0.0779783
682 1 4.2421 4.79979 1.22869 0.952795 -0.269734 -0.125482
683 1 6.4041 8.61671 0.980163 0.221721 0.206884 -0.0923687
684 1 6.1503 1.28923 3.25609 -0.134274 -1.13708 -0.0836665
685 1 7.8699 3.83492 6.59211 0.799976 -0.0520687 -0.386808
686 1 1.28957 6.92838 8.10093 0.886135 0.30595 -0.0222946
687 1 5.54629 5.52045 5.4106 -0.278752 1.57994 0.814629
688 1 5.33058 7.14273 0.126715 -1.12194 0.0487043 0.253235
689 1 8.20492 1.91272 7.04518 0.77302 0.341731 1.13015
690 1 0.603333 5.34353 2.14267 -0.171793 0.258576 -0.617135
691 1 2.70118 5.70892 8.94829 0.952756 0.42683 0.109088
692 1 8.19479 2.72694 3.04373 -0.782094 -0.094838 -0.399439
693 1 1.65577 6.96227 2.51248 -0.880393 0.531736 0.527887
694 1 1.18291 8.62531 1.95837 0.375523 -0.993788 1.48073
695 1 8.55871 0.027453 6.55432 0.033667 0.971481 0.889599
696 1 7.2749 8.00817 6.34177 -0.270067 -0.265657 -0.317679
697 1 0.642994 9.20009 9.35889 0.297564 0.19794 -0.620136
698 1 6.9548 3.53064 7.05159 0.121399 0.406769 -0.570918
699 1 2.42873 8.49649 6.46338 0.619207 1.30615 -0.424311
700 1 8.30171 1.72747 2.72028 0.00857619 0.268828 -0.126972
701 1 0.042659 7.42221 2.46441 -0.599393 0.344923 -0.320903
702 1 1.44456 0.280577 4.32494 -1.35558 0.763194 -0.139469
703 1 4.43589 1.74591 0.787456 -0.222765 0.445688 0.128055
704 1 6.36622 5.33835 3.90625 -0.1886 -0.845792 0.470213
705 1 4.8188 9.28557 9.12588 -0.29547 0.476822 0.550106
706 1 1.55316 7.91143 7.70045 -0.662008 0.996521 0.394971
707 1 2.37568 2.30737 6.14125 -0.0733702 0.140974 1.03677
708 1 3.136 0.76543 3.01385 0.700271 -0.601315 0.346928
709 1 4.36663 4.38159 6.42242 0.688437 0.779841 1.45588
710 1 3.89542 6.62689 4.40916 0.31128 0.412246 -1.05062
711 1 8.81711 1.35026 8.86602 0.473527 -0.32079 0.138092
712 1 0.864148 5.70557 0.241727 -0.713498 -0.129907 0.0754919
713 1 2.38425 3.79296 3.73754 -0.700843 -0.322472 -0.894728
714 1 7.65056 0.223775 5.92844 0.995156 0.782825 1.07188
715 1 5.03669 7.62448 5.33937 -0.697569 0.882354 0.287006
716 1 0.798303 1.39444 7.15858 -1.596 -0.228264 0.476206
717 1 4.33521 8.60416 3.93217 0.315872 0.0719762 0.370723
718 1 8.97012 7.89801 5.38216 2.14997 0.415089 0.514278
719 1 3.58134 9.34427 4.43769 -0.497653 0.467471 0.748245
720 1 5.93516 7.12346 4.96675 0.909644 -0.0457154 0.14193
721 1 3.07286 4.85186 1.59788 -0.290107 -0.715555 -1.06186
722 1 3.00183 7.82667 5.83479 0.711821 -0.188326 1.03128
723 1 3.75442 1.69337 9.35662 -0.200751 0.470442 -0.938474
724 1 2.72889 1.47579 0.209045 0.348408 0.305898 0.88475
725 1 7.63309 8.92754 6.77937 0.309725 -0.449981 1.59877
726 1 8.90139 4.55812 0.14717 0.0827334 0.204369 0.93011
727 1 5.55868 0.228159 8.41855 -0.307299 1.07604 0.601827
728 1 2.98191 2.50751 7.83341 -0.411711 0.452284 0.818622
729 1 3.56248 1.40359 4.08195 0.406257 1.3614 -1.04713
730 1 4.11697 7.96611 5.86054 -0.620972 0.0192223 1.14022
731 1 1.22151 5.0277 7.42547 0.293743 0.675568 0.0415498
732 1 4.11592 7.47603 8.33605 -1.01179 -1.0993 -0.312253
733 1 3.32758 9.16485 2.44614 0.597979 -1.45795 0.154882
734 1 0.468932 8.20736 1.18634 0.231106 0.907831 0.165051
735 1 4.07107 6.36975 3.39338 0.476407 0.581158 -0.822294
736 1 0.954269 7.46397 1.81328 -1.12618 2.00769 -1.09317
737 1 2.20667 5.61735 3.51505 0.456662 -0.714679 0.818325
738 1 0.422749 7.88491 6.16681 -1.22568 0.0300469 0.650197
739 1 1.2116 1.26229 8.1002 0.0537343 0.0470534 -0.405267
740 1 1.60614 4.72746 1.9203 -0.464328 -0.161884 0.269432
741 1 7.50038 8.86689 3.79433 1.22203 -0.648853 0.97025
742 1 3.58556 2.32689 4.73606 0.85555 -0.00558342 -0.169545
743 1 7.69005 6.16449 1.06528 0.368546 -0.639541 -0.402578
744 1 5.71859 4.1438 2.99344 0.958739 -0.253206 -0.110755
745 1 3.20805 4.39933 2.5686 -0.138567 -0.799465 -0.703166
746 1 6.73302 1.05498 5.33508 0.417172 -0.513258 -0.745854
747 1 6.9557 0.00971397 5.20049 0.177192 -0.588191 -0.0077498
748 1 4.04706 8.59579 0.614971 0.361178 -0.286603 0.234291
749 1 8.19212 6.5274 3.59237 -0.28647 0.613419 0.487028
750 1 7.05341 0.766058 3.34245 0.738967 0.664942 -1.20924
751 1 0.473507 3.38044 4.95755 -1.02789 -0.640719 -0.990746
752 1 9.15561 3.14702 8.75777 0.959614 -0.658339 -0.307048
753 1 7.34847 0.804919 8.56661 -1.09783 1.04392 -0.537763
754 1 8.15144 3.75021 3.25432 -0.206787 -0.672712 -0.186542
755 1 3.42695 6.27804 0.238946 0.736372 0.875199 -0.16045
756 1 2.22213 4.04386 8.40621 -0.342588 -0.377872 -0.62484
757 1 0.777457 4.91536 5.73155 0.012751 0.163305 0.154677
758 1 0.134038 4.06137 5.71183 0.342151 0.755518 -0.764893
759 1 1.25064 3.7048 3.36849 0.130816 -0.0890172 0.164239
760 1 2.06717 2.8687 1.7602 1.077 -0.868006 0.375678
761 1 3.63611 0.971227 0.727079 -1.09558 -1.24166 -0.083914
762 1 8.25665 4.85502 1.88104 -0.598308 0.959843 0.141694
763 1 8.5206 2.72307 0.274322 0.756413 -0.521215 -0.592267
764 1 4.56368 5.99572 5.04691 0.110722 -0.40472 0.0869102
765 1 2.24733 7.42838 8.50218 0.242586 0.379559 0.647976
766 1 0.00670036 1.5634 4.13627 -0.172718 1.00303 0.372289
767 1 2.77818 1.34719 6.48703 -0.0175451 -0.962464 -0.131014
768 1 6.21255 2.37294 0.694453 1.23574 0.043845 -0.310179
769 1 5.15308 4.36026 5.47964 0.038594 -0.657322 -0.223786
770 1 1.99162 7.90345 2.18687 -0.38332 0.29556 0.793414
771 1 1.90186 1.02752 2.79145 0.444375 2.04567 -0.460253
772 1 7.65422 7.54341 5.33817 0.511349 0.86321 -0.143353
773 1 4.91858 5.61898 2.34059 0.25519 0.600755 -0.382289
774 1 2.82199 9.38505 0.940978 0.319052 0.12074 0.0408486
775 1 4.67211 5.29316 0.366672 1.17401 0.516364 0.363226
776 1 8.84687 6.53834 6.30679 -0.250141 -1.29936 -0.16722
777 1 4.95624 6.85522 4.60726 -0.18199 0.622943 -1.40737
778 1 0.269347 8.0052 3.4716 0.663901 -1.19056 -0.763715
779 1 5.05282 2.74287 3.45455 0.215646 0.285818 -0.657054
780 1 4.99119 1.77043 5.71213 0.372823 0.667002 -0.186064
781 1 3.28387 5.68051 3.05014 0.816222 -0.50418 0.0264168
782 1 2.13847 1.86149 8.02095 0.955674 -0.452736 -0.241415
783 1 3.49159 1.95882 5.90565 -0.221547 0.211025 -2.83237
784 1 0.148805 9.00795 3.89985 -0.64499 -0.276384 0.0985373
785 1 7.2423 5.34727 0.581179 0.454535 0.303744 -0.931863
786 1 0.313736 1.21022 3.17831 0.38639 -1.02235 -0.544938
787 1 1.0344 8.70002 5.82277 0.393459 -0.0999711 -0.471071
788 1 7.91285 0.760588 0.952221 -0.614599 -0.0333215 0.831707
789 1 5.11364 9.29589 3.53673 -0.345238 -0.190347 1.76203
790 1 8.14895 0.587265 1.98611 0.632114 -0.285536 0.382815
791 1 8.13598 8.97545 2.37952 0.994329 0.116391 -0.109263
792 1 1.2508 2.26663 7.62868 -0.672534 0.159978 -0.0503019
793 1 5.18545 3.54453 6.91722 -0.373927 -0.103779 -0.234757
794 1 7.65091 9.23955 8.93704 -0.0421788 0.0662025 -0.859854
795 1 0.379593 6.26218 4.05223 0.231491 0.0967453 -0.312471
796 1 1.11413 6.5283 4.84167 0.449355 0.466478 0.523152
797 1 8.66516 2.49648 2.05835 0.252845 0.197865 0.936379
798 1 2.70337 1.75767 5.24855 0.0834955 -1.09605 0.419102
799 1 6.05946 1.96256 5.65185 -0.103084 -0.0752666 -0.296073
800 1 2.37462 8.85499 1.85729 0.251743 -0.608599 -0.287574
801 2 1.28113 3.05847 1.17003 0.991482 0.699662 0.196302
802 2 0.689183 1.31684 5.49357 -0.395405 -0.641337 0.261821
803 2 4.59868 3.19445 4.06895 1.22623 -0.178662 -0.722829
804 2 6.07466 3.30367 6.92705 -0.454348 -1.32195 0.340383
805 2 7.47861 5.20294 2.44906 0.263982 0.525706 1.36821
806 2 9.15365 7.31684 6.03855 0.668407 -0.484738 0.969668
807 2 3.98622 4.11353 2.88741 0.61907 -0.0367025 0.396962
808 2 4.04916 0.192601 7.65337 0.355879 -0.3953 0.0300181
809 2 3.05253 3.88973 4.30555 0.193467 0.274606 1.23192
810 2 6.33798 4.72726 3.23082 0.321067 0.485967 0.21754
811 2 2.05439 0.280454 5.02638 -0.942317 0.207125 -0.0221276
812 2 7.93511 1.40403 8.93335 -0.504408 0.212039 0.380891
813 2 3.87842 7.5968 7.48651 0.249225 1.09194 -0.196744
814 2 1.85822 3.91421 0.416189 0.158525 -0.702967 0.0245761
815 2 5.16133 4.01687 2.31723 -0.354431 0.606498 -0.163897
816 2 4.74126 4.82965 1.94992 0.480326 -0.130905 0.117867
817 2 4.70763 1.20359 2.25801 -0.838357 0.0549626 0.285479
818 2 7.3128 0.738256 1.57911 -0.718066 0.474299 -0.135592
819 2 3.89316 6.95921 0.596397 0.199346 -0.612344 -0.398362
820 2 5.20922 3.90808 9.13712 -0.990484 -0.432108 1.65027
821 2 3.19976 0.601489 3.91119 -0.20099 -0.241934 -0.637241
822 2 3.03784 8.89408 8.42336 0.355106 -1.60074 0.543893
823 2 5.54999 0.624784 3.24506 0.315631 0.125742 0.337091
824 2 4.61647 1.55701 9.2774 -0.761785 0.27611 -0.0608497
825 2 5.61738 1.76592 6.34391 -2.02037 -0.916814 0.0937054
826 2 4.95173 8.58348 2.26234 0.913138 -0.929721 -0.0250368
827 2 2.81698 0.892688 8.18751 -0.107384 0.734952 0.775973
828 2 0.158787 0.339686 3.33084 -0.864483 -1.00361 1.25504
829 2 9.04526 3.15782 7.84477 0.0635547 1.0436 0.117848
830 2 0.284399 2.74882 5.51757 -0.35116 -0.0942933 -0.235618
831 2 7.92668 8.48457 7.79619 -0.0575012 -1.30903 -0.264204
832 2 4.01322 3.23651 1.81141 -0.173962 0.753936 0.857576
833 2 1.45696 4.50894 8.1582 -0.216506 0.603348 -0.177672
834 2 6.94114 5.88042 7.00926 0.180263 0.061493 0.915088
835 2 5.18093 7.58937 6.97245 0.0877326 -0.574101 -1.34416
836 2 1.04497 0.808199 2.86732 -0.0553717 -0.185869 0.115462
837 2 6.32157 5.13148 6.18968 -0.0246738 0.197412 -0.254618
838 2 3.47 2.36487 3.86914 -0.165905 -0.334003 0.350519
839 2 5.09712 5.79887 6.15784 -0.417297 0.0181695 -0.666928
840 2 4.40143 3.91504 7.18022 0.735242 -0.839343 0.495799
841 2 9.06318 0.241659 4.48684 -0.254357 0.765107 0.0217646
842 2 2.76078 2.20302 1.66538 1.89128 0.46168 -0.457005
843 2 5.68601 8.02206 2.69661 -0.989365 -0.428615 -0.972244
844 2 4.73454 5.09094 7.89786 -0.228657 -1.13052 0.454142
845 2 3.63061 8.74663 9.22752 -1.15858 -1.53075 -0.705316
846 2 0.447404 8.74455 6.48865 -0.0797725 -0.322145 -0.536266
847 2 0.87049 4.87992 9.33822 0.430893 -0.546915 -0.952019
848 2 5.5126 8.63168 0.947822 1.05182 0.504482 0.252369
849 2 6.20654 5.6289 4.73205 0.411648 -0.923682 -0.126454
850 2 0.552221 1.93675 2.68116 0.807102 0.364682 0.315824
851 2 2.15881 6.82602 3.37852 -0.137594 0.638462 0.370751
852 2 0.323819 5.35663 4.04128 -0.279742 -0.326646 -0.275698
853 2 5.14679 4.22153 4.58561 0.279801 -0.41275 -0.508096
854 2 2.92253 0.621542 0.37221 -1.43155 -0.683387 -0.840538
855 2 4.16975 0.312275 1.06362 0.71456 -1.68487 1.22894
856 2 7.16116 1.03101 6.11097 -0.0849769 0.0509559 0.755851
857 2 7.44332 8.86142 4.67822 -0.645463 0.123363 -1.03026
858 2 0.787077 6.7393 7.33969 -0.62671 1.23572 -0.622433
859 2 8.43439 3.85422 0.64011 0.840951 -0.97899 1.4399
860 2 4.15428 5.55388 2.92253 0.754265 0.254518 0.57453
861 2 5.42027 3.90908 7.71861 0.503949 -1.20712 -1.17619
862 2 2.6291 8.60143 5.60924 0.243784 -0.175022 0.589294
863 2 3.86367 0.187156 6.25837 -0.352555 1.33921 0.115806
864 2 8.763 5.6837 6.08453 -0.179714 0.372177 -1.12099
865 2 3.59884 1.85772 7.8493 1.27932 0.449463 -1.14807
866 2 7.21078 2.82989 5.8774 -0.260949 -0.0939394 0.577278
867 2 8.19882 8.46498 1.38685 -0.513054 0.161284 0.372863
868 2 7.48731 1.7779 7.53655 0.249037 0.619551 0.378138
869 2 5.82832 7.62283 5.7385 -0.45823 0.213193 -0.1277
870 2 4.48689 4.91451 3.90255 -0.405261 0.657539 -0.314563
871 2 2.05969 5.28959 4.34491 1.1382 0.32154 0.15186
872 2 4.88263 0.015523 5.33518 0.624191 -1.33753 -0.250857
873 2 6.38694 0.208192 4.5139 0.387681 0.381266 1.13034
874 2 0.169996 8.53168 5.60096 1.28197 -0.0755434 -0.258386
875 2 4.68726 7.61802 9.08105 -0.320139 0.575368 0.0783988
876 2 1.73465 0.881993 1.93813 -1.09715 -0.287663 0.523648
877 2 8.08709 0.45111 4.11863 -1.09257 -0.936663 2.00042
878 2 2.53197 3.65323 1.18062 -0.608644 -0.768011 -0.48045
879 2 9.26352 4.42834 7.41169 -0.0125415 -0.0618889 0.466268
880 2 1.59115 3.88489 2.25889 0.460403 -0.421975 0.25936
881 2 6.40699 6.85461 7.99091 0.207506 -0.819449 0.00321063
882 2 0.326503 3.67006 8.3199 -0.546892 -0.643318 -0.904047
883 2 8.61394 9.14997 5.7239 0.46319 -0.197957 0.474224
884 2 8.80411 4.5503 4.62984 1.29966 0.333514 -0.693688
885 2 4.85363 2.72 7.20354 0.33397 0.96746 0.683246
886 2 6.43385 1.01455 7.15755 -0.022229 -0.81548 -1.63049
887 2 1.99802 1.51939 6.13491 -1.04634 1.72643 -0.237468
888 2 8.21187 8.77068 3.25019 0.276046 0.138378 -0.0201573
889 2 8.09099 4.62552 6.92058 1.12088 1.13388 -0.283051
890 2 7.7707 1.79213 6.3038 1.09832 -0.220533 0.768286
891 2 6.47828 6.43972 2.4186 0.483166 0.787194 -0.837882
892 2 2.92821 3.11977 1.98927 -0.379406 0.183078 0.347371
893 2 6.71801 8.76242 7.80941 -0.178886 1.2557 -0.487858
894 2 8.86636 1.45677 3.37285 0.107586 0.502053 0.451325
895 2 3.73477 6.1976 5.45763 0.406732 -0.00677154 -1.21348
896 2 6.68656 7.66958 4.88835 -0.175853 0.625417 -0.387074
897 2 3.46171 3.03605 7.31211 -0.731148 -1.34441 -0.646552
898 2 2.51142 1.61855 2.76043 -1.10792 -0.552371 -0.0124425
899 2 0.991634 4.14988 7.36372 0.625419 0.211778 0.530405
900 2 5.58515 6.30662 4.90639 0.390383 0.39842 -0.813263
901 2 3.88456 1.24074 3.26232 -1.51235 -0.763398 -0.243958
902 2 5.10406 4.84004 9.14121 0.791501 -0.294417 -0.551932
903 2 2.80263 7.95006 3.47324 -1.066 0.157768 0.596188
904 2 9.02686 1.9208 0.113703 -1.51963 -0.139963 0.00398454
905 2 3.93533 3.37384 5.31429 0.829967 -0.46647 1.29747
906 2 5.63722 1.1553 5.60961 0.245795 0.313047 -0.8899
907 2 1.49982 5.72519 5.04271 -0.0392654 0.28421 -0.549
908 2 1.61815 8.84926 6.50578 0.239829 0.764905 -0.796493
909 2 8.87518 2.29553 5.51496 0.101481 0.191959 -0.282353
910 2 6.39621 3.75495 8.63847 -0.142557 0.859014 0.173935
911 2 4.63293 6.16281 4.14365 -0.318279 1.15805 -0.362229
912 2 2.13628 3.54414 6.87737 -0.660078 -0.441947 -0.104128
913 2 6.01887 4.16859 1.09883 0.524918 -0.987078 0.91301
914 2 2.63024 2.05988 6.98884 0.484377 0.193076 -0.439178
915 2 2.7156 0.632014 7.11243 0.26851 -0.0898705 -0.200373
916 2 2.96445 7.33473 6.56706 -0.869915 0.523644 0.53441
917 2 0.218797 8.58879 0.429996 -1.61118 -0.381265 -0.285416
918 2 7.7679 3.43246 7.42712 -0.419335 -1.01536 0.542722
919 2 5.70177 0.5349 1.88551 0.778381 0.382207 0.469424
920 2 1.47273 6.58883 6.23544 -0.0317723 -0.774819 0.162868
921 2 8.38844 6.285 2.73906 -0.205001 -1.26788 -0.293182
922 2 0.701203 7.59444 8.1075 -0.814261 -0.764483 0.331258
923 2 6.65644 4.44133 7.42803 -0.406379 0.0300178 0.703651
924 2 3.07548 4.02972 8.23368 -0.374993 -1.68522 -0.807038
925 2 2.87333 8.85631 4.54307 1.17323 0.236009 0.885715
926 2 5.27436 4.15544 6.31912 -0.140948 0.41232 0.218854
927 2 8.29754 2.92552 5.00535 -0.521295 -0.812874 0.237965
928 2 3.66962 2.76407 6.21501 1.49866 0.612276 0.677169
929 2 7.53882 3.42176 2.67028 0.285569 1.13727 -0.134043
930 2 6.27614 8.91113 5.28037 0.296531 0.658439 -0.698074
931 2 6.07853 5.54645 7.9285 0.0512279 -0.57159 -0.585823
932 2 1.07049 8.71198 8.77952 0.128352 0.487535 0.289211
933 2 4.88141 2.02971 2.88469 -0.443088 1.57067 -0.971597
934 2 2.2204 6.34482 1.83527 1.04853 -0.78526 0.547624
935 2 7.47621 7.15836 6.14905 0.145334 0.369026 -0.240089
936 2 4.16737 7.6441 3.00578 -0.369875 -1.09487 1.42392
937 2 4.35507 7.28897 1.83119 0.413322 -0.185651 -0.552361
938 2 6.34565 1.8012 1.35635 1.69951 0.882815 -0.117335
939 2 6.77271 7.86519 0.596525 -0.135557 -0.756198 0.48729
940 2 6.51101 7.63222 6.50383 -1.31234 1.31677 0.675667
941 2 1.02599 5.12856 6.55766 1.52113 -2.03999 -0.310227
942 2 2.55498 5.01898 6.17567 -0.950503 -0.426646 0.489722
943 2 6.76639 1.15085 2.58781 0.484496 0.700025 -0.292574
944 2 6.61829 8.04015 8.82518 0.881653 -0.381257 -0.104374
945 2 2.12909 7.01825 7.7162 0.908057 -0.953615 -0.603903
946 2 3.67348 1.43908 6.56688 0.289135 0.277454 -0.671696
947 2 6.79694 3.07821 0.291281 -0.87084 0.0791924 0.288675
948 2 8.9156 0.0979527 2.20737 -0.904728 -1.15033 0.331462
949 2 2.75334 3.69264 2.91249 0.75918 1.23773 0.162915
950 2 3.04026 4.78864 5.11669 -1.18889 -0.399476 0.422965
951 2 8.82834 0.859916 6.54994 0.192693 1.45146 0.397969
952 2 5.65312 7.10413 4.13344 0.439083 -0.136783 0.0768474
953 2 1.61812 0.46913 8.33876 1.08612 -1.07131 -0.581639
954 2 8.70758 7.38225 1.94395 -1.32755 0.295361 0.675515
955 2 5.79349 8.89021 6.50055 0.899306 -0.296278 0.900603
956 2 4.20413 5.90375 9.32313 -0.14346 0.364949 -0.681947
957 2 8.60632 0.288813 0.652317 -0.563805 -0.322141 0.688404
958 2 7.44826 0.373988 0.243693 -0.130726 -1.11435 -1.09563
959 2 4.35151 5.73135 1.62726 0.542701 -0.699229 -0.600866
960 2 7.49779 5.41363 5.43976 0.244812 0.637523 -0.156056
961 2 8.74166 7.04718 8.22132 0.369989 0.111826 0.565948
962 2 3.58637 2.52799 2.83401 0.806575 -0.590945 -0.223598
963 2 8.30344 3.11188 6.31402 0.939883 0.635235 0.406166
964 2 3.82263 5.44166 6.19651 -0.45085 -0.894105 -0.153197
965 2 3.95666 0.726463 4.58528 0.384489 -0.372754 -0.721667
966 2 7.65285 5.00341 8.03443 -0.76821 -0.900233 -0.168867
967 2 7.69553 5.34038 1.39331 -6.30526e-05 -1.36184 0.907645
968 2 7.8034 0.980901 2.79816 -0.519787 -0.788423 -0.462283
969 2 7.88165 6.44577 4.76173 0.281733 -0.828076 -0.351353
970 2 7.83762 7.60451 8.77898 -0.0330504 0.403427 -1.06459
971 2 0.434402 1.91551 7.82262 -0.0574229 0.738646 0.207235
972 2 1.02743 6.44071 0.689525 -0.332484 1.10639 -0.160535
973 2 1.38914 1.6734 2.98255 -0.228169 -0.741674 -0.192983
974 2 7.52035 0.641217 5.08981 0.309018 0.362707 0.218799
975 2 0.489757 9.2287 7.62273 -1.4047 0.0237018 -0.0302256
976 2 7.91298 0.268167 7.11887 -0.0329855 0.194814 1.62892
977 2 3.00685 8.89409 6.98817 -0.940908 -0.166426 -1.11619
978 2 9.21037 5.00881 8.17481 1.12986 -0.348804 0.494362
979 2 7.8015 3.15348 1.54021 -0.0150126 -0.16546 0.433641
980 2 1.08154 7.70754 3.71784 0.552268 0.592623 -0.364705
981 2 1.33645 3.07864 4.73483 -0.354231 0.165357 0.393589
982 2 8.76778 3.92563 3.83256 0.476575 -0.0782008 0.106063
983 2 0.554938 1.34459 8.694 -0.724361 0.638615 -0.139119
984 2 7.03579 1.50437 3.81985 0.392077 0.00856207 -0.201543
985 2 3.30017 6.57714 2.94122 -0.33392 -0.465419 -0.0209382
986 2 4.80607 6.23827 2.93488 -0.676869 0.023875 -1.56055
987 2 5.26673 0.183121 7.56034 0.354121 0.429799 0.704032
988 2 0.0603963 4.85 2.98427 1.24045 0.0715389 0.585566
989 2 0.427306 8.16164 2.09968 -0.698416 0.714615 1.53405
990 2 1.87298 5.21415 0.785069 -0.0346128 -0.00253966 0.806643
991 2 6.71254 8.5354 3.62767 0.662548 -0.606777 -0.658024
992 2 4.3317 6.23556 7.21552 -0.412897 0.704367 1.16561
993 2 1.32559 2.79386 3.30871 0.142478 -0.174531 -0.0874364
994 2 0.080082 2.395 3.87566 0.116827 -0.821614 -1.12755
995 2 0.408726 4.22214 0.575635 -1.25677 -0.240692 0.648184
996 2 6.05472 6.05457 3.42904 -0.135579 -0.156261 0.470079
997 2 8.98212 3.06393 2.73017 0.625807 0.79998 0.644278
998 2 7.44098 7.59525 1.61368 -0.681629 0.500577 -0.856303
999 2 9.0294 7.28422 4.69344 -0.198006 -0.843044 -0.0547853
1000 2 7.07132 8.8829 6.05998 -0.661298 -1.71996 2.00882
