1 1 3.41814 5.76765 0.993644 0.40316 0.112321 0.0902605 
2 1 8.63774 6.43826 7.46361 -0.727909 -0.06201 -0.920914 
3 1 5.08824 3.45328 3.70419 0.856926 0.457122 0.0997246 
4 1 0.0980055 3.80454 0.142758 -0.265912 -0.10312 1.75055 
5 1 0.11117 6.76026 7.188 -0.105124 -0.156101 0.555357 
6 1 6.10609 0.0835372 7.29517 0.165293 0.298768 0.0792663 
7 1 7.62182 4.66946 7.92771 0.575398 0.438369 -1.19664 
8 1 3.42675 1.87958 6.34601 -0.398899 -0.258182 -1.06699 
9 1 6.34673 1.75343 7.30278 0.795006 -0.209362 0.695669 
10 1 6.9987 1.97967 0.515993 -0.352736 0.583653 0.333004 
11 1 2.7907 6.05449 0.246774 0.362995 -0.335317 0.0531541 
12 1 7.91752 6.34397 6.86909 -1.54593 -0.253277 0.299327 
13 1 4.38791 7.19189 3.11265 0.307202 0.045412 0.259995 
14 1 4.99551 4.03036 4.48959 -0.16712 -1.86669 0.396369 
15 1 7.46119 4.67647 8.92065 -0.550629 1.17814 0.0450236 
16 1 0.444972 3.21797 2.60144 0.862823 -0.481473 0.236725 
17 1 4.53917 2.24776 4.30932 -0.424766 -0.0757452 0.609519 
18 1 8.93249 8.84933 5.07514 -0.768734 -0.478767 -0.838523 
19 1 0.796514 4.38896 0.422169 0.0336806 0.429676 -0.907248 
20 1 3.25877 2.62381 0.707977 -0.247415 -0.500665 -1.2732 
21 1 8.033 6.92927 0.822282 -0.945727 0.829362 -0.950478 
22 1 5.60009 2.13781 3.12194 -0.497064 -1.30774 -1.51532 
23 1 4.04988 2.156 0.328392 -0.532958 1.41975 -1.3126 
24 1 0.20028 0.0985168 4.86464 -0.436249 -0.466765 0.447691 
25 1 1.25971 4.42499 8.40272 -1.01077 -1.54328 -1.12846 
26 1 6.56224 4.48427 5.40577 -0.465341 0.309197 -0.649195 
27 1 3.55824 3.34643 3.25115 1.16216 -0.172871 0.686528 
28 1 2.34521 8.87774 3.54565 0.15075 0.802476 1.07325 
29 1 4.47808 0.474117 9.04683 0.611862 0.413492 0.209896 
30 1 4.41244 4.79281 3.00605 0.520499 0.0754673 -1.04524 
31 1 4.43668 3.25694 2.88988 -0.204353 -0.353851 0.263599 
32 1 3.77847 4.94991 2.28292 0.276767 -0.0145965 -0.530946 
33 1 6.53024 2.95249 4.22926 -0.0176203 -0.212769 1.03684 
34 1 2.06177 4.04525 2.24179 0.306293 -0.0428078 -0.113852 
35 1 5.97751 7.77244 8.85447 -0.837997 -0.39826 -0.813849 
36 1 1.92619 3.75192 6.20618 0.221855 0.28375 -0.662342 
37 1 7.73882 5.54408 7.43332 -0.696836 -0.418413 -0.00211823 
38 1 4.84509 3.32177 6.1922 0.440544 -1.5117 -0.192463 
39 1 7.50141 5.77038 1.57618 -0.58894 -0.0778664 -0.338085 
40 1 6.77347 2.29504 9.01998 1.09115 0.880955 0.019711 
41 1 8.07249 5.84547 0.600403 -0.810754 0.926332 1.06391 
42 1 0.976881 1.44772 3.59075 1.60533 0.571267 0.775138 
43 1 7.90336 5.08238 4.61903 0.488124 -0.442624 1.36624 
44 1 2.06876 9.27826 1.72919 0.58494 -0.048603 1.40714 
45 1 8.40674 2.87074 5.54739 0.562917 0.511042 -0.113926 
46 1 6.43049 4.36291 2.1662 -1.28913 -0.255967 -1.7985 
47 1 7.93925 4.05296 1.34189 0.368968 0.925171 1.91881 
48 1 0.370507 4.20585 6.49598 0.726421 -0.283641 -1.02475 
49 1 5.68404 1.75925 6.61449 -0.344077 -0.129847 0.538084 
50 1 5.58613 7.78168 2.4631 -0.123892 -0.766738 0.980327 
51 1 2.01294 1.39696 0.121636 -0.544414 0.617179 -0.606928 
52 1 2.3417 0.584107 2.32051 -0.289948 -0.328245 0.719266 
53 1 0.0772305 0.628367 8.32373 0.710719 1.31712 0.943563 
54 1 2.40094 6.69172 3.37524 -0.808731 -1.38166 0.638147 
55 1 7.17261 9.08354 6.11817 0.948264 0.422664 0.284072 
56 1 5.42551 0.151677 0.698432 0.54895 0.5239 -0.50289 
57 1 1.11592 2.82419 3.1432 -0.353483 0.898196 0.167283 
58 1 7.30038 4.73345 6.05156 0.353924 0.93556 0.128609 
59 1 7.93643 3.35004 2.82766 -0.375378 -0.0872182 -0.55718 
60 1 1.53782 3.81679 0.563811 1.1583 0.154934 -0.163615 
61 1 7.82889 5.34336 5.53477 -1.30121 -0.744763 1.26915 
62 1 2.68143 4.48762 3.19102 0.775394 -0.207372 -0.889099 
63 1 6.42631 9.21381 2.91102 0.545478 -1.30769 0.261745 
64 1 2.27642 0.71784 1.36597 -0.893409 0.528047 0.325475 
65 1 1.29642 5.301 8.85489 0.55162 -0.197487 -0.688592 
66 1 6.18083 2.59972 5.1414 0.196649 -0.760413 0.256835 
67 1 1.04373 2.63504 2.12615 0.815371 -0.31201 0.0844461 
68 1 6.79823 4.41328 8.3076 1.12228 -0.391071 0.458621 
69 1 6.21474 0.46412 3.63711 0.334286 -0.302497 -0.23986 
70 1 8.13649 0.108431 1.10463 0.275502 -0.942782 -0.355423 
71 1 9.17413 5.67873 2.47906 0.161333 -1.27271 0.935667 
72 1 6.17496 2.06599 4.35822 -1.58981 2.4075 0.92415 
73 1 0.407239 4.07333 1.25816 -0.114158 -0.168453 0.708712 
74 1 2.92799 4.47418 2.24987 0.035566 -0.816707 -0.494583 
75 1 2.04065 9.26197 5.02899 0.237034 0.0751644 -0.831071 
76 1 6.28606 0.802753 2.73459 0.256315 0.450101 -0.0998846 
77 1 7.78419 3.5217 5.07734 0.244391 -0.532231 1.01132 
78 1 3.92533 3.67816 6.34285 -0.420623 0.359924 0.353465 
79 1 8.59378 0.894556 0.675726 0.27955 -1.22657 -0.619765 
80 1 0.227575 3.80153 7.96469 -0.267095 0.632529 1.15105 
81 1 1.3828 1.45279 7.82039 1.08191 0.30913 0.0367614 
82 1 3.49329 4.64457 8.90979 -0.0142245 -0.380563 0.619725 
83 1 9.00034 4.58854 9.18544 1.28533 -0.747384 -0.168222 
84 1 6.10403 8.05268 0.692755 -0.0551065 0.278953 0.351916 
85 1 9.31476 2.52552 3.10547 1.95498 0.475837 0.0955485 
86 1 3.65777 4.23513 1.62669 0.176072 0.218111 0.376908 
87 1 5.29443 1.89008 5.71683 1.15927 -0.0616269 1.59475 
88 1 3.16165 1.71766 0.386681 -1.23877 -0.91469 1.09732 
89 1 5.65924 8.39763 4.05932 0.369792 -0.576555 -1.63461 
90 1 2.26421 9.19986 9.16087 -0.408281 -1.25497 0.0728248 
91 1 4.11644 1.80838 7.79045 1.70564 -1.32204 -0.378171 
92 1 1.40877 3.87737 4.3408 -0.938023 -0.345652 -0.124631 
93 1 1.63571 1.96425 6.99972 0.12665 -0.22188 -0.839035 
94 1 8.6998 0.360652 5.19401 -1.17475 -1.14132 -0.509663 
95 1 0.567049 0.347948 2.21393 2.3037 0.268382 0.139037 
96 1 6.77766 3.65539 2.81482 -0.378452 0.184796 -0.282938 
97 1 3.95372 2.85954 4.81683 -0.656544 -0.299108 1.12468 
98 1 5.81903 1.53159 8.09268 0.753039 -1.00864 -0.681142 
99 1 6.63232 6.55613 2.89127 -0.554041 -1.3342 0.221982 
100 1 0.169378 0.887469 0.586495 -0.271844 0.88101 -0.168774 
101 1 3.67486 8.48564 9.2868 0.463941 0.553859 0.22659 
102 1 1.50453 0.274502 1.00088 0.59556 -0.519966 0.334047 
103 1 1.26087 2.14085 5.34057 -0.105923 0.80516 -0.552856 
104 1 9.17943 4.98392 6.51442 1.0104 0.630898 0.317471 
105 1 1.35578 3.48017 2.49902 -0.62638 -1.8518 -0.148105 
106 1 8.66705 7.89036 6.26809 0.00626254 -1.03595 0.0426539 
107 1 3.84033 9.00832 1.64449 0.914367 -0.0966316 -0.128336 
108 1 5.83989 3.02877 1.66995 -0.461322 0.349743 0.899277 
109 1 3.20069 7.2139 2.03619 1.30129 -0.397561 1.29899 
110 1 5.2541 3.56228 5.37336 -1.42618 0.738384 -0.883725 
111 1 7.80726 1.54478 3.63263 1.13758 0.315835 0.025424 
112 1 2.86768 4.83394 0.220355 -1.83808 0.20806 -1.1407 
113 1 9.30062 2.86805 5.36994 0.189291 1.77883 0.318464 
114 1 2.16693 2.42919 5.15765 -0.155399 -1.62739 0.121758 
115 1 8.87347 3.84333 4.01698 -0.0578827 -0.277325 0.165038 
116 1 5.61232 2.30276 7.56854 0.800763 1.16947 -0.971099 
117 1 2.68282 0.626798 7.59247 1.24839 -1.16611 0.313906 
118 1 7.90052 8.43345 4.53553 0.0881628 0.0220412 -0.000509925 
119 1 6.06046 4.2487 3.07142 -1.56737 0.604695 0.894537 
120 1 4.01919 7.41545 0.89273 -1.47881 -0.00175884 0.289412 
121 1 8.00299 9.06953 5.20123 0.923125 0.9168 0.780455 
122 1 7.22349 6.76739 6.1824 -0.274583 -0.888911 0.533516 
123 1 1.62182 2.01827 2.70777 0.672974 -0.274665 -0.751533 
124 1 9.10421 6.04899 4.275 -0.860674 0.460159 0.100947 
125 1 5.49002 8.74031 7.73229 -0.50734 0.882138 0.0952526 
126 1 8.09034 2.47166 6.40912 0.0591433 0.965987 0.199303 
127 1 7.61716 5.35397 3.26147 0.608847 -0.79334 -2.40098 
128 1 0.422203 5.11399 9.30089 -1.38876 0.995063 -0.396921 
129 1 0.591713 6.3911 3.6562 0.329186 -0.610442 -0.766197 
130 1 5.51152 0.0932583 2.52736 0.626992 -1.92668 -0.111962 
131 1 1.20186 1.54589 8.97196 -0.0695553 -0.560205 0.16115 
132 1 6.31141 2.16857 5.99324 0.588725 0.121853 1.28931 
133 1 5.70707 5.81902 3.12798 0.777353 0.688981 0.593172 
134 1 2.66656 1.89065 8.97808 0.981301 0.419927 0.788726 
135 1 8.84689 8.7862 6.02522 -0.895914 0.344097 0.752386 
136 1 1.62575 7.81242 0.826753 -0.744307 -0.339199 -0.395476 
137 1 0.501127 6.79427 0.0382739 -0.632504 0.960401 -0.174018 
138 1 7.42568 1.51259 9.15809 0.639952 0.122198 -0.159218 
139 1 3.94643 2.42738 2.98834 1.01773 0.0147946 1.2416 
140 1 2.48238 4.25472 5.61337 -0.508017 -0.322174 -0.84394 
141 1 0.386595 1.13297 9.1037 -0.583968 -0.179773 1.14357 
142 1 1.90158 2.18912 6.04621 -1.49425 -0.266339 -1.07441 
143 1 7.0855 1.63233 1.39777 0.431093 -0.679634 0.49392 
144 1 8.64108 8.70102 0.682485 -0.355764 -0.345716 0.160602 
145 1 3.62075 4.03577 8.14316 0.635304 -0.937167 -1.02795 
146 1 3.06069 7.17829 1.0886 -0.204729 -0.862267 0.208097 
147 1 7.8626 8.49246 1.32325 0.261887 -0.0891412 0.73294 
148 1 2.39741 1.59586 7.60184 -0.120642 -0.479378 -0.908206 
149 1 9.00155 1.44713 8.60607 0.807231 0.531784 -0.4635 
150 1 4.85391 1.49003 3.24873 -1.30205 -1.31257 0.306093 
151 1 9.13531 4.57408 8.20414 1.67127 0.198043 0.809909 
152 1 6.69476 7.63983 0.0950717 -0.675562 -0.829931 0.70637 
153 1 1.76941 3.1429 3.79882 -0.366803 -0.628355 -0.27242 
154 1 4.29184 3.35174 8.0859 -1.222 0.742916 0.416137 
155 1 8.38751 3.97831 2.20597 0.0478444 0.0492755 0.476918 
156 1 6.58097 8.29254 6.16079 0.439701 0.312633 0.82815 
157 1 4.25419 3.46941 1.54044 0.719475 -0.0139252 0.909878 
158 1 9.37746 7.28783 6.351 -0.019954 -0.450811 0.3921 
159 1 6.2429 0.923416 6.71671 -0.231216 -0.504553 -0.349796 
160 1 0.607613 5.81764 4.45079 0.61858 0.50604 1.08956 
161 1 8.46496 5.76034 4.95507 -1.41737 -0.268895 -0.674531 
162 1 7.31265 8.3749 5.48398 -0.316008 0.621415 -0.682743 
163 1 1.99637 1.8242 4.43642 0.152299 -0.0395799 -1.07214 
164 1 1.81433 0.0367928 7.20806 -0.677625 -0.381045 1.29312 
165 1 2.29224 0.600844 6.34273 -0.0266123 0.187458 -1.74711 
166 1 5.16656 3.60974 7.79251 0.0289593 -0.719675 -0.357558 
167 1 8.30681 5.7468 9.01751 -0.583704 0.150299 0.603139 
168 1 4.58983 3.08579 8.99867 -0.186759 -0.4019 0.764082 
169 1 3.35273 5.91728 1.95714 -0.061232 -1.23657 0.34761 
170 1 7.27688 3.42244 1.01173 -0.171432 0.383104 0.380873 
171 1 3.3849 2.46375 9.15218 -0.354983 1.49361 -0.062807 
172 1 5.8225 0.110157 8.19154 0.245453 0.547919 -0.121403 
173 1 3.88898 0.257555 2.43033 0.631003 1.0672 -0.59099 
174 1 6.27397 8.08385 4.91976 0.597005 1.39768 0.0419427 
175 1 5.72708 1.05264 5.91894 0.0933691 -0.101662 1.78769 
176 1 7.13962 6.72342 5.1754 -0.330622 -1.09082 1.27467 
177 1 7.0159 4.30048 1.40162 -0.714505 -0.253083 0.356546 
178 1 7.63487 2.50251 0.0469997 0.0209919 -0.217146 -0.0684068 
179 1 1.92311 0.187898 4.11499 -1.00816 0.351971 0.300893 
180 1 7.19162 7.74592 4.78871 -0.61219 -0.600513 0.561315 
181 1 8.50533 4.1357 0.553252 -0.434064 -0.976929 1.04687 
182 1 5.57937 0.0972584 5.6852 -1.22813 -0.129254 -0.334778 
183 1 1.74811 6.56899 1.478 -0.170905 -0.354448 0.0880679 
184 1 0.152268 4.79321 1.84629 0.00597571 -0.610824 -0.4248 
185 1 4.26444 8.72259 2.4433 -1.19009 0.425023 0.0421032 
186 1 8.43629 6.62095 8.46156 -0.681033 -2.14368 -0.815702 
187 1 7.36765 5.09812 0.90326 -0.0276399 -0.154667 0.708153 
188 1 0.0612181 6.67483 2.55292 -0.466452 0.554609 -0.596853 
189 1 7.00208 0.693293 1.60182 0.599191 0.640712 -0.192284 
190 1 0.28384 5.47536 3.54604 -0.484374 -0.658017 0.318606 
191 1 1.26364 5.58533 3.83465 -0.0212484 -0.441523 0.194332 
192 1 3.28571 8.89163 2.38087 -0.620285 0.709978 0.193586 
193 1 0.838265 3.15546 4.08037 -0.548013 0.34492 0.143297 
194 1 3.29411 2.79808 1.71148 0.624005 0.755042 0.162417 
195 1 3.35472 2.48048 3.72254 -1.5601 0.81599 -0.360993 
196 1 2.29438 9.09473 8.02175 0.200165 -0.699774 -1.64843 
197 1 6.72746 3.0134 6.16655 0.0744245 -2.3795 -0.67387 
198 1 3.37037 7.3253 3.01256 -0.827478 0.454288 -0.287118 
199 1 4.82843 2.13554 2.50702 0.0658516 0.36109 0.547484 
200 1 2.54042 5.39746 0.916762 0.366814 -0.46179 0.447179 
201 1 7.21243 2.86267 2.47018 -0.556365 -1.02535 -0.868435 
202 1 2.43288 2.19452 3.30429 -0.373467 0.213973 -0.407482 
203 1 0.35139 2.09402 9.0168 -0.284922 -1.41879 0.561072 
204 1 0.895227 8.23239 1.65236 -0.717417 -0.134554 -0.96252 
205 1 6.79242 1.36963 6.0509 -0.0329062 0.147709 -0.180204 
206 1 0.626976 8.76337 2.42719 0.264851 -0.499426 -0.16696 
207 1 2.90891 5.46564 8.86924 1.96911 -1.15782 -0.383518 
208 1 4.08988 1.51072 2.66688 1.23818 -0.10811 -1.28459 
209 1 2.51835 6.55913 2.03557 1.68419 -0.670931 -0.230899 
210 1 5.07045 8.49443 1.89047 -0.933713 -1.09919 -1.05678 
211 1 0.773523 3.52309 7.03422 -0.830326 -1.10971 -0.525274 
212 1 7.9961 8.06199 8.3849 -0.230939 -0.526863 0.293637 
213 1 0.194413 8.44409 0.944964 0.304636 0.237757 0.33139 
214 1 5.47079 0.361445 6.61265 0.173966 -0.724068 1.18807 
215 1 7.98981 2.29357 7.31311 -0.266218 0.659135 0.609865 
216 1 3.18935 2.22015 8.24367 0.729645 -1.39785 1.10969 
217 1 8.6367 5.08277 1.93216 0.715567 0.181656 0.327053 
218 1 4.23143 3.94864 0.701943 -0.38484 0.451892 1.15293 
219 1 7.97936 7.58419 1.52111 -0.636391 0.911655 -0.623753 
220 1 3.06999 3.22365 8.05819 -1.57896 -0.66372 1.07472 
221 1 8.64097 1.60256 4.12778 1.63645 -0.295463 0.102342 
222 1 7.92993 3.67769 3.88052 -0.615438 -0.214118 -2.48047 
223 1 0.0369818 8.64395 7.78427 -0.500192 0.318146 0.13485 
224 1 8.11239 4.7545 2.70412 -0.642722 -0.712667 1.76771 
225 1 1.33524 4.85375 4.42988 -0.977903 -0.0949683 1.06421 
226 1 7.20713 8.45644 6.88455 -0.345143 -0.335963 0.341789 
227 1 8.84942 1.62737 7.65129 0.48949 0.0381874 -0.0617536 
228 1 8.81968 8.09494 4.56333 0.997064 0.0924055 0.0522633 
229 1 2.87579 0.935457 3.52929 0.954155 -0.186952 0.0242292 
230 1 9.13522 6.20135 3.31321 -0.822377 3.12765 0.657693 
231 1 4.72906 5.07951 2.12815 -0.838929 0.403374 0.944559 
232 1 8.43343 5.93919 1.51179 -0.0858117 -0.300461 0.561482 
233 1 3.77771 8.25331 8.35719 1.35818 0.446654 0.110512 
234 1 0.101681 3.34161 3.51475 -0.923826 -1.05503 0.651355 
235 1 7.10117 0.194457 3.52033 0.922715 -0.436743 -0.397178 
236 1 7.7616 1.00484 1.12239 0.625162 1.48115 1.346 
237 1 0.6121 7.53665 2.23836 -3.18152 1.37965 0.3059 
238 1 7.3473 7.73119 6.30085 -0.255264 0.619367 -0.793551 
239 1 1.19238 6.10927 0.0334772 0.112656 -0.0166206 -0.41634 
240 1 6.20429 3.51118 5.48559 0.517033 -1.0605 0.435099 
241 1 5.09029 4.47676 3.63969 0.424143 -0.607397 -0.24801 
242 1 2.56658 7.62304 3.57722 -0.37222 -1.26267 0.343163 
243 1 6.14802 1.59787 5.24583 0.393723 -0.0691427 -0.040525 
244 1 4.26923 1.83468 1.74058 -0.3498 -0.242292 1.2005 
245 1 3.37432 4.15051 3.81376 0.0131018 -0.00514932 -0.048866 
246 1 6.87635 0.955453 5.10239 -0.047509 -0.449311 0.0141172 
247 1 6.94965 1.98906 4.96336 0.13375 -1.02837 -0.62659 
248 1 0.0633567 5.85359 6.82599 0.293841 -0.0935312 -0.507451 
249 1 4.07281 7.60187 9.31803 0.32564 0.0361253 -1.48928 
250 1 8.0386 0.00244764 3.5203 -1.35671 -0.0588246 -0.00327132 
251 1 8.21879 3.2279 0.928931 0.698554 0.338619 -1.32313 
252 1 7.41314 0.641096 5.97346 -0.571476 0.0762804 -0.249983 
253 1 3.41012 7.9772 1.46723 1.67156 -0.823526 1.41497 
254 1 1.56664 1.06185 2.76686 2.25119 0.444727 0.375315 
255 1 0.826241 4.15538 2.11734 -0.930611 -0.833057 -0.577647 
256 1 8.21827 6.18436 3.162 0.766937 0.24143 0.870212 
257 1 7.71436 4.86016 1.80783 0.380282 -0.0360718 0.840786 
258 1 7.63499 2.96064 7.90507 1.77651 1.04773 -1.30969 
259 1 5.14057 7.82553 3.33138 -0.402764 -0.132799 -1.00105 
260 1 7.97041 1.36814 7.37996 0.724161 0.20108 -0.188548 
261 1 7.14461 0.0446235 5.24905 -0.823807 0.00444109 0.106248 
262 1 8.81403 5.09468 4.30801 0.458037 -0.853444 0.262289 
263 1 2.49098 3.27251 5.58754 2.0493 -0.34448 1.09825 
264 1 8.37113 0.31109 2.66065 -0.0347278 0.188534 -0.361957 
265 1 1.7241 4.91957 5.30345 0.38564 0.111944 0.779688 
266 1 2.94195 3.66218 6.33362 0.17342 0.240213 0.000652962 
267 1 8.918 4.14141 6.11339 -0.337133 -0.448728 -0.777412 
268 1 5.81406 4.21834 4.93655 -0.0756946 1.06164 0.306789 
269 1 7.08344 5.91135 5.73425 -0.566374 1.28824 0.175842 
270 1 1.49889 9.19467 8.58707 0.0122157 -0.0742616 -0.556003 
271 1 4.77989 2.45849 3.42746 -0.748161 -0.484487 -0.67369 
272 1 7.52681 4.15769 3.1874 -0.792102 1.41622 -0.517997 
273 1 0.818305 5.20797 5.17366 0.827769 -0.347738 -0.619667 
274 1 5.7335 4.32479 5.90396 -0.739394 0.48731 -0.838833 
275 1 0.762379 0.31584 5.68393 1.23368 -1.22614 0.90546 
276 1 4.00791 1.34663 0.916934 0.538235 0.014689 -0.282047 
277 1 6.74218 7.50613 5.59179 0.998223 0.539964 -0.049511 
278 1 1.111 3.75574 3.41554 -0.185168 -0.336933 1.11082 
279 1 7.26954 7.5891 0.866675 -1.04863 -0.394465 0.235563 
280 1 7.61895 7.18796 8.51185 0.500867 0.570966 0.977432 
281 1 0.363295 6.73106 0.979058 -0.708033 -0.658538 0.449257 
282 1 3.15235 5.05743 1.55575 0.63551 -0.0995332 -0.665524 
283 1 4.86336 2.80345 0.621843 1.26065 -0.638613 0.15807 
284 1 5.96145 0.656749 5.023 0.0201487 1.22432 0.975123 
285 1 3.601 6.59135 0.499994 1.45318 0.529985 -0.707875 
286 1 5.80338 7.43354 3.93478 -0.587191 -0.639548 0.347221 
287 1 7.41418 7.10077 7.09619 0.785561 0.361437 0.280227 
288 1 3.63889 1.9993 4.52295 0.231419 0.371279 0.97206 
289 1 9.045 9.17063 8.56893 0.649561 0.987529 -0.454997 
290 1 5.50531 0.745218 1.84587 -0.563142 0.0554237 2.07689 
291 1 4.84517 2.19321 9.15429 0.701843 1.06088 0.159766 
292 1 6.63162 0.221736 4.4683 -0.359361 -0.783547 -1.2278 
293 1 1.9773 1.31037 3.61442 1.53787 -1.17975 -0.758658 
294 1 1.2515 8.70691 0.916341 -0.872842 0.336537 0.00340667 
295 1 2.10382 6.05422 4.03675 0.388235 -0.118736 0.677313 
296 1 8.42441 2.32525 8.14761 0.927733 0.221395 -0.0735157 
297 1 1.79067 2.24985 9.06035 0.682502 -0.479926 -0.117146 
298 1 4.9181 9.19215 8.44865 0.10723 1.15393 0.12161 
299 1 8.99794 2.48847 7.22833 1.26472 0.992876 -0.329346 
300 1 6.90695 8.24575 3.14233 0.379093 -0.15823 0.353872 
301 1 5.35074 8.17379 0.0809993 0.1335 -0.170415 -0.979132 
302 1 5.87323 4.06178 3.9949 0.809335 0.364816 0.429756 
303 1 9.21491 0.690529 2.68205 -0.520362 -0.723616 0.170508 
304 1 5.35294 0.694693 3.21942 -0.706765 0.122565 0.228041 
305 1 7.25076 9.19471 9.12949 1.0196 0.0251869 0.144287 
306 1 5.78761 2.12461 8.85178 -0.56288 1.18837 0.826421 
307 1 8.16051 0.047952 6.02712 -0.315141 0.715856 -0.0345208 
308 1 2.8201 3.64469 2.69933 0.962321 0.265175 -0.449698 
309 1 2.1319 4.97676 2.52755 1.62181 0.973261 -0.26232 
310 1 6.74404 6.89076 8.86559 -0.354625 -0.824208 -0.230299 
311 1 4.09469 8.11335 3.22206 0.952173 0.577022 -0.846033 
312 1 9.19926 5.45924 1.21882 0.449885 0.553825 0.0937697 
313 1 5.31692 3.09617 7.02746 -0.109795 0.594142 0.42542 
314 1 7.80669 9.18656 6.87629 1.25465 0.168564 -0.561794 
315 1 6.58921 7.98476 4.0045 1.01989 -0.501917 0.485856 
316 1 7.30958 2.07637 3.00566 -0.215812 0.66909 0.774629 
317 1 0.0023426 2.45409 2.15544 -1.33439 0.0108404 -0.708237 
318 1 3.45572 3.49148 1.03754 -1.07063 -0.0498753 0.212873 
319 1 4.63803 7.84713 2.46808 -0.268018 -0.0349224 -0.226823 
320 1 8.80938 6.47458 6.43395 -0.546369 -0.353798 0.387234 
321 1 9.0542 4.65888 2.65723 0.559367 -0.413658 0.407026 
322 1 0.442261 2.65334 6.77707 -0.519628 0.150502 -0.0455591 
323 1 2.24481 4.74076 1.61713 0.616653 0.22136 -0.88775 
324 1 1.52119 5.74354 4.80196 -0.342005 1.32507 0.548336 
325 1 2.00039 4.66751 0.700605 0.522818 -0.0873124 0.331511 
326 1 6.06302 3.31995 3.41366 -0.0168532 0.277176 0.945484 
327 1 7.6008 3.82057 7.46415 0.180156 1.37231 0.318365 
328 1 0.191683 1.0847 7.4244 0.737493 -0.00240714 0.235872 
329 1 0.217876 0.75074 3.5691 0.924958 -0.625895 0.159144 
330 1 6.57434 3.9452 0.630144 -0.980347 0.251007 0.31946 
331 1 7.22651 9.21199 1.25495 -0.845462 0.198479 0.585719 
332 1 6.76049 1.49532 8.46556 0.483556 -0.516206 0.0710332 
333 1 5.31866 1.78471 4.01776 -1.13937 -0.847734 -0.68497 
334 1 1.81496 0.619913 9.00818 0.56678 -1.55728 -0.241441 
335 1 3.113 0.976882 0.985099 -1.1828 -1.93322 -0.792833 
336 1 1.27857 4.97564 2.0528 1.06441 0.937871 0.0675767 
337 1 2.66544 3.42236 7.2081 0.342043 0.88448 0.143893 
338 1 2.39749 3.99216 0.171434 -0.657653 0.416935 -0.869293 
339 1 7.66685 0.539273 8.70278 1.03571 0.784525 0.0837072 
340 1 0.657539 9.2883 8.17 1.51659 0.672565 0.522815 
341 1 6.4857 7.1621 4.57202 -0.467032 0.567288 -0.545605 
342 1 5.93074 3.96512 7.29443 -0.740296 -0.19075 0.0690953 
343 1 4.80836 1.00795 5.62122 0.628475 -0.66272 0.681324 
344 1 3.2709 0.943547 2.63447 -0.403967 -0.187014 0.772209 
345 1 5.9955 3.89367 8.26129 -0.135744 -0.472239 -0.00101066 
346 1 3.95541 3.12782 0.299372 0.0593828 -0.00722417 -0.00702575 
347 1 1.5737 7.68068 2.26645 0.128108 0.653848 0.195271 
348 1 1.68983 6.75199 2.43546 0.953273 1.87344 -0.204942 
349 1 2.96509 1.28651 8.30082 0.95729 0.173111 1.84282 
350 1 6.16215 2.40149 0.317765 -0.638741 -0.323905 0.832253 
351 1 2.0373 2.88259 2.78723 0.472932 1.4718 -0.165588 
352 1 1.39625 9.32537 0.137299 -0.930403 0.302385 -0.259165 
353 1 4.93491 2.58929 1.61195 -1.14405 -0.49329 -0.219651 
354 1 5.75808 5.1606 1.90902 0.0886835 0.981145 0.435773 
355 1 7.20249 2.98376 3.42814 0.340292 1.7751 0.528709 
356 1 3.66275 3.28641 8.79511 -0.146439 0.631705 0.529721 
357 1 7.14221 7.39422 2.78636 -0.758349 -0.244198 0.649297 
358 1 6.96339 5.258 5.03856 -0.658202 -0.609955 -0.126364 
359 1 0.226015 9.15891 1.56057 -0.499139 1.39685 0.176248 
360 1 5.34381 2.32572 4.8338 0.47613 -1.28906 0.00709813 
361 1 8.7401 5.61714 5.89277 0.199047 -0.583927 -0.668185 
362 1 2.36053 9.02937 2.58916 0.775679 -0.023189 -0.999613 
363 1 3.57195 3.58337 7.27597 -0.616284 -0.836248 0.397346 
364 1 6.37213 1.16586 4.32168 0.405467 1.11464 -0.540744 
365 1 0.659623 2.03767 2.81926 0.367698 -0.934114 0.11573 
366 1 3.39286 3.99374 0.21687 0.842715 -0.0485977 0.390655 
367 1 5.90354 3.6141 2.39278 -0.249773 0.138031 -1.08089 
368 1 1.7506 4.28392 7.61993 0.129377 -0.240107 0.0944868 
369 1 8.09232 2.37907 4.09113 0.00834514 0.679093 0.547644 
370 1 7.2772 7.88719 7.69104 -0.84326 0.278597 -0.629499 
371 1 9.10083 1.66107 2.63845 2.17062 0.774367 -1.8626 
372 1 2.09055 3.24684 7.93976 0.399813 -0.224619 0.950363 
373 1 3.17605 0.0603483 9.30689 -0.649898 1.00337 1.23072 
374 1 8.60055 1.29517 5.0288 0.110115 0.951608 -1.2165 
375 1 6.91317 8.51849 0.558083 0.186119 -0.811492 -0.418509 
376 1 9.14568 6.33581 5.3295 -0.291392 -0.607883 0.0415396 
377 1 4.13338 7.3779 1.82799 -2.73731 0.392435 -0.979986 
378 1 9.24511 4.40726 7.2745 -0.0904157 -1.41555 -0.96122 
379 1 7.25049 8.65142 8.35824 -0.993654 -0.482509 -0.786761 
380 1 1.49395 5.8894 2.10303 0.769379 -0.877287 -0.233521 
381 1 1.53975 0.999212 4.41622 -0.0447658 -0.902764 -0.566245 
382 1 1.93424 2.25813 8.11807 -0.5033 0.547972 -0.227503 
383 1 1.27145 6.84955 0.640424 1.4982 -0.917942 -0.645318 
384 1 1.12142 0.842869 0.280702 0.972462 0.249294 0.44407 
385 1 7.84907 8.05458 3.09454 0.964906 -0.449438 -0.773453 
386 1 3.76697 6.48848 3.40598 0.444199 0.594324 0.0728317 
387 1 8.77052 7.95583 2.97941 1.62736 -0.07129 -0.696208 
388 1 2.794 8.58747 0.208886 0.990515 0.182396 0.76904 
389 1 6.56685 8.50469 9.07542 0.333155 -0.746604 0.407647 
390 1 0.65498 1.72737 0.452258 0.989624 0.210941 -0.423777 
391 1 7.01695 2.14803 6.71871 0.39724 0.174678 0.160998 
392 1 5.60228 2.79911 5.87614 -0.773226 0.294144 -0.255062 
393 1 6.29792 9.40432 9.02651 0.91997 0.122882 0.455646 
394 1 6.45858 8.91834 3.81978 -0.230192 1.31523 0.467937 
395 1 6.16341 5.59375 4.29051 0.595864 0.318942 -0.0600232 
396 1 4.42157 8.33782 0.466981 -0.599264 -0.358556 -0.667831 
397 1 1.33692 0.458731 6.48511 -0.0456988 0.579451 -0.892113 
398 1 5.37342 4.91148 2.79952 0.183333 -0.966251 0.0677957 
399 1 8.63332 1.04948 3.33037 0.33703 0.0421533 0.686511 
400 1 7.51373 7.15474 0.0491531 0.431522 0.0708453 0.0343205 
401 1 8.31416 7.53954 9.10805 -0.92044 -0.531131 0.772987 
402 1 8.72933 3.70467 5.27893 -1.52538 -0.604347 0.307398 
403 1 2.44628 1.41189 2.77197 -1.09681 -1.28501 0.577055 
404 1 3.73204 6.6042 1.44369 0.507699 -0.512319 -0.553873 
405 1 1.2797 6.50261 4.26788 0.234075 0.884351 -1.10419 
406 1 6.356 8.73664 8.14813 -0.613117 1.82545 -0.698694 
407 1 1.24035 8.23879 8.69636 0.198314 2.37047 -1.24771 
408 1 4.70275 2.64508 5.47125 0.0726075 -0.927499 -0.276481 
409 1 0.683356 2.01045 7.44521 0.843893 1.04913 1.0096 
410 1 2.84015 0.986248 9.24826 -0.699864 -0.73631 -1.3564 
411 1 7.07242 3.80163 5.70302 0.140906 0.193645 0.567018 
412 1 7.05761 5.74122 2.56112 -0.263623 1.49271 -0.303219 
413 1 0.377088 4.93731 4.33972 1.04552 0.390355 0.351027 
414 1 2.97538 5.37706 2.6453 -0.343302 -1.77567 -0.524359 
415 1 6.72863 3.40348 1.83715 0.385827 -1.1375 0.538313 
416 1 6.06391 4.7832 7.84265 -0.513772 0.631525 -0.970738 
417 1 8.07616 9.07623 8.49148 -0.445427 0.617373 0.559531 
418 1 0.574468 0.143957 9.09367 -0.170224 -0.38109 -1.22628 
419 1 0.496522 2.52478 4.72211 0.341644 0.374188 -0.129506 
420 1 5.51048 9.25117 1.56861 -0.545368 -0.157603 0.960217 
421 1 4.28693 8.88766 7.79249 -0.942932 -0.546399 -0.749732 
422 1 4.23854 3.97739 9.11781 -0.552746 0.593468 -0.70685 
423 1 8.5981 8.56794 6.93229 0.850186 0.221381 -0.13307 
424 1 7.63124 0.489342 0.323871 0.399355 0.646632 0.742217 
425 1 3.70906 0.801929 0.213601 0.609833 -0.406946 -0.960551 
426 1 3.61655 0.977773 7.70057 0.109933 0.60704 1.85742 
427 1 9.32678 6.27716 1.69728 0.708182 -0.625286 -0.0926394 
428 1 3.041 7.86757 8.90188 0.226536 -0.850269 0.586987 
429 1 4.08036 2.59878 1.16837 -0.539884 -1.94343 -0.648059 
430 1 0.305282 5.55515 5.92472 -0.928146 1.34151 -0.323938 
431 1 7.62738 2.13282 2.01397 1.02856 0.64079 -0.559702 
432 1 5.14799 8.62093 2.80058 -0.20293 0.72629 0.948742 
433 1 8.66242 8.05389 7.70531 1.65581 -0.088335 -0.778607 
434 1 0.754887 6.18823 5.31093 -1.13094 -0.915316 -1.35423 
435 1 3.27251 3.27181 4.1903 -0.848747 -0.628446 1.05053 
436 1 5.88276 3.22634 0.723974 -1.37112 -0.196284 0.0483491 
437 1 6.36684 1.52808 9.34893 0.811125 0.994591 0.015848 
438 1 0.882989 4.72595 3.55629 0.51879 0.988424 0.540597 
439 1 9.01178 7.43354 2.21502 0.573993 1.33826 -0.658403 
440 1 1.84053 0.574263 8.02246 -0.389987 0.170828 0.649908 
441 1 0.784709 4.28944 4.94739 0.798575 -1.13947 0.591561 
442 1 1.46686 2.64167 4.55593 -0.680167 -0.457725 -0.852995 
443 1 9.38917 2.24025 8.13444 -0.859517 -1.09839 0.884669 
444 1 7.71524 1.56405 6.39735 0.136421 -0.776381 -0.127716 
445 1 0.36604 5.87071 0.481621 -1.56869 -0.563625 -0.62955 
446 1 6.79011 3.79206 4.74198 -0.253968 0.149276 0.752643 
447 1 1.01314 1.19162 5.24956 -1.07789 -0.350197 0.604491 
448 1 7.16864 4.80069 2.5871 -0.11047 0.176168 0.126264 
449 1 6.65338 2.27905 1.93409 -0.0227969 1.59524 1.57858 
450 1 4.76856 1.89522 0.906689 0.517247 0.434189 -1.41658 
451 1 1.67969 8.12906 3.74767 -0.11806 -0.751696 -1.17141 
452 1 6.38623 7.28612 1.20693 -2.48428 0.967618 -0.633666 
453 1 6.1233 2.62989 6.8148 -1.50813 0.322795 0.914882 
454 1 4.94493 5.42176 3.53431 0.73371 0.774212 -0.848639 
455 1 1.15746 3.58985 7.92651 0.116654 -0.345907 -0.361338 
456 1 6.01448 3.11887 7.70835 0.743714 -0.0774645 1.54926 
457 1 0.130091 1.18209 1.90302 0.0962586 0.499916 1.38116 
458 1 8.13429 5.74389 4.00066 0.645675 -0.777779 -0.799412 
459 1 9.20354 2.50177 1.17847 -1.41388 -0.104727 -0.337634 
460 1 2.96657 5.85998 3.50801 0.699505 -0.408782 0.364867 
461 1 2.03992 3.88098 1.32701 -0.686074 -1.3331 -0.598953 
462 1 0.558241 5.93203 8.76038 -0.00716613 -1.34451 0.0386163 
463 1 8.35207 0.0256936 9.34869 -0.852559 -0.147076 1.09734 
464 1 4.57393 8.37588 8.90158 1.18088 0.131926 0.300057 
465 1 1.57935 4.48959 9.28427 0.670464 0.373567 1.08466 
466 1 6.6861 3.49511 6.99589 0.0880117 0.628376 -0.177733 
467 1 8.73357 0.0739311 6.78418 1.06468 -0.63163 0.648938 
468 1 5.48616 2.91459 9.29833 0.888786 0.699672 2.01605 
469 1 4.58418 1.01677 7.50178 1.09721 -0.202491 -1.18876 
470 1 5.48615 1.77155 0.316498 1.58304 0.979796 0.570665 
471 1 9.42595 8.61577 3.15439 -3.96844 -0.195203 -0.241564 
472 1 0.410653 7.80826 8.0741 1.52262 0.621985 -0.282685 
473 1 0.349296 8.57805 8.70974 1.26616 -0.0777568 -0.504997 
474 1 0.503245 7.68747 9.03542 0.337264 0.163436 0.348687 
475 1 8.09733 1.53869 2.63414 -0.217264 1.10683 0.137226 
476 1 3.75282 1.04844 1.82548 1.02215 -0.599592 0.387559 
477 1 4.41583 4.00863 7.32616 0.521642 -0.386711 0.470713 
478 1 6.23085 9.15313 6.41009 0.697286 -0.102576 -1.31099 
479 1 5.01973 0.435519 4.86289 -0.191476 0.820524 -0.208087 
480 1 8.18101 3.1276 8.67987 0.534488 -0.337488 -0.69489 
481 1 6.06098 4.59814 8.9043 0.302827 0.00381801 1.93395 
482 1 3.5202 5.04185 3.35761 -1.41731 -0.573377 0.354441 
483 1 8.25979 4.21432 4.6155 -0.398513 -0.0930071 1.44538 
484 1 1.45414 3.00374 8.60273 -0.0299955 -0.180115 -0.322699 
485 1 0.741732 8.40055 3.83181 0.370848 -0.293404 -0.543523 
486 1 2.19144 5.30133 3.44381 0.163536 -0.503807 0.675784 
487 1 7.4947 3.01288 6.88834 1.31834 0.753686 -0.255204 
488 1 1.97481 6.66183 9.31206 -0.460393 -1.17605 0.32536 
489 1 3.63316 1.57925 8.96367 1.05635 1.75346 0.219365 
490 1 2.66273 0.398596 8.53235 -0.501943 0.415747 0.534854 
491 1 3.10703 0.312014 1.79587 0.173126 0.506381 0.982588 
492 1 6.24388 3.05883 8.70002 -0.628877 -0.835537 -1.74287 
493 1 6.64494 7.65849 6.97576 0.910559 0.267687 0.111138 
494 1 1.94537 1.43638 1.95353 -0.873697 0.427509 0.353295 
495 1 6.53605 7.98493 2.32448 0.294332 2.12849 -1.48179 
496 1 6.38676 2.30082 8.14425 0.939537 -0.359261 -0.612058 
497 1 0.583086 5.63281 1.91316 1.31984 -0.00872913 0.179567 
498 1 0.439168 0.399591 6.69297 0.957817 -0.92222 -0.239083 
499 1 5.97871 1.37781 3.47839 -0.386838 0.60434 -1.14383 
500 1 7.60085 2.48363 1.07327 -0.286042 0.0306075 1.26605 
501 1 7.79521 2.43223 5.00582 -0.319807 -0.809773 0.275815 
502 1 1.62045 1.30825 6.192 -0.588315 1.06449 0.428391 
503 1 5.09483 7.55344 1.66491 -2.02325 -0.400014 0.560511 
504 1 1.53149 8.62114 2.4006 -1.10239 0.432423 -0.208712 
505 1 8.54249 3.03759 3.53519 0.673192 0.650749 0.853007 
506 1 5.98133 3.73703 9.30995 0.951824 -0.592245 -1.17679 
507 1 7.98496 0.695261 6.75066 0.604516 -0.196949 -2.24842 
508 1 2.86756 8.79762 1.51549 -0.0300391 0.369882 -0.432827 
509 1 1.02595 2.69718 0.0467858 0.40618 0.249411 0.686926 
510 1 7.55151 2.21212 8.50335 -0.133805 -0.201469 0.685167 
511 1 2.24862 7.40018 1.64713 -0.389021 0.185421 1.57887 
512 1 7.30866 0.964416 7.92623 -0.879754 -1.02713 0.636316 
513 1 2.12625 0.39765 3.21801 -0.879255 -0.200861 -0.784702 
514 1 2.49566 2.80525 8.69384 -1.75253 -0.41841 0.816365 
515 1 6.09169 0.864832 8.67394 0.314095 -0.780787 0.0796998 
516 1 4.05669 2.73002 6.15844 -1.1559 1.60856 0.742184 
517 1 6.88347 7.03414 7.89061 -0.600921 -0.203392 0.207405 
518 1 1.35893 2.72452 7.51818 0.535256 -0.011311 0.222983 
519 1 4.11425 2.1999 6.92608 0.44002 -0.231044 0.113865 
520 1 9.06277 7.19598 7.97424 0.233588 0.684938 -0.959926 
521 1 6.29788 8.54164 7.18281 -0.0128679 -0.50339 0.643282 
522 1 9.23091 0.289138 5.95942 1.33886 -0.694848 -0.369327 
523 1 8.09661 7.52026 4.67614 1.64049 0.269038 0.048303 
524 1 1.16293 0.239429 4.82291 -0.245646 -0.311664 0.73003 
525 1 2.6399 4.0919 7.89795 -0.0439744 -0.400671 -0.455148 
526 1 8.65658 0.708456 7.49516 -0.89944 0.441867 1.76919 
527 1 4.745 8.70546 3.65757 0.656322 0.507541 -0.272899 
528 1 1.27259 5.51511 5.95477 -0.591541 -0.496815 0.102639 
529 1 3.28899 7.80193 0.431135 1.49456 1.45635 1.12916 
530 1 0.751571 8.5078 0.14504 -1.50269 0.786188 0.900482 
531 1 9.29073 8.99818 0.0733686 1.06742 1.11512 -0.786032 
532 1 8.41111 8.49681 9.17665 -0.697953 0.0237093 1.94495 
533 1 9.13019 7.12602 8.95539 -0.470794 -0.173586 0.0524782 
534 1 6.71712 0.0792507 0.494606 -0.250517 -0.241744 1.14717 
535 1 8.44894 3.95553 7.94092 -0.388113 -0.167977 0.540693 
536 1 6.37639 8.93707 5.43311 0.988662 -0.0551245 -0.823495 
537 1 0.683112 9.3642 4.03829 0.72163 0.454754 -0.684357 
538 1 4.73822 0.855152 2.46279 0.041218 -0.270053 0.0468786 
539 1 2.17251 7.37939 8.68496 -0.854649 -0.366521 0.87181 
540 1 8.76711 3.17218 1.76614 -0.247434 -0.973939 -0.840098 
541 1 2.37667 4.66427 8.77697 -0.526854 -0.715367 -1.86907 
542 1 9.28561 8.86192 4.1099 0.512632 -1.59508 0.104283 
543 1 6.39911 0.87208 7.72101 0.939621 -0.794515 0.161133 
544 1 7.02204 2.96955 5.2187 0.0211491 -0.0551528 -1.41294 
545 1 5.04419 3.68594 0.265263 0.206073 -0.43992 -0.128385 
546 1 0.82505 6.58422 1.97018 0.0897118 0.407061 -1.19659 
547 1 7.48434 4.4471 5.15092 0.126277 -0.0312789 -0.1063 
548 1 5.13376 3.94633 2.88183 1.41104 0.0357523 0.861739 
549 1 8.99784 8.01281 8.58578 -0.45411 1.242 -1.42197 
550 1 6.2729 4.80691 1.06784 0.0359186 -0.351154 0.113626 
551 1 4.68235 6.76589 1.31065 -0.0321687 -0.142845 0.0294871 
552 1 9.26308 5.3648 7.62892 1.19265 -0.477233 0.666102 
553 1 8.31809 1.98811 9.04158 -0.208604 1.62169 -0.0490496 
554 1 2.85851 4.27235 1.01325 -0.00492188 0.161113 0.12237 
555 1 2.01701 3.76834 3.14359 0.414117 0.725114 -0.210122 
556 1 5.94993 8.89175 0.317962 -0.419606 0.283783 0.738188 
557 1 6.22715 7.43706 3.08316 0.593165 -0.0960713 0.224293 
558 1 2.35826 1.59493 0.99951 0.181915 0.0337856 0.693472 
559 1 6.4396 2.36168 3.48214 -0.854278 -0.567259 0.838993 
560 1 6.56004 4.2485 6.40023 1.55548 0.697275 0.124122 
561 1 8.1622 4.6825 3.73876 -0.572998 -0.331263 0.771379 
562 1 7.0171 9.11147 7.53116 0.611899 -1.11195 0.0875052 
563 1 2.83429 2.43183 5.8618 1.20052 0.924157 0.185468 
564 1 5.33044 2.83447 8.36095 0.224964 0.160275 0.597533 
565 1 8.7536 2.2323 4.88806 -0.501458 -0.561388 -0.831944 
566 1 6.97062 0.304621 6.79415 -0.00761644 0.917874 -0.305328 
567 1 7.97226 7.87825 7.00247 -0.926709 -1.13626 -0.668228 
568 1 0.243891 3.76996 5.48477 -0.656012 1.49836 -0.580213 
569 1 5.91934 3.51757 6.41182 0.633308 -0.478625 -1.14135 
570 1 0.261386 7.13541 5.4356 1.06549 -1.11345 -0.214824 
571 1 1.41799 0.122763 2.62943 1.27112 0.327392 0.0402133 
572 1 1.21042 3.49077 1.5425 0.231906 -0.529059 0.758534 
573 1 1.4393 0.669042 1.88092 -0.456335 -0.455299 0.781485 
574 1 8.38595 4.10208 6.93197 -1.42115 0.116868 -0.470627 
575 1 0.429238 4.28375 8.80263 -0.356859 -0.347689 -0.101939 
576 1 9.069 0.735517 4.35424 -1.00974 0.951332 0.168458 
577 1 8.17168 6.64922 5.01061 -0.872744 -0.417217 0.363121 
578 1 9.14281 3.46118 0.936714 0.0920847 0.396883 -0.156118 
579 1 6.47902 4.68746 4.40581 0.209048 0.535304 -1.31978 
580 1 8.32645 3.19668 7.30904 0.71933 1.38494 1.61613 
581 1 2.60051 1.47197 5.96332 -0.780358 0.0315952 -0.0489188 
582 1 4.69014 0.030308 1.9715 0.218522 -0.164798 0.0127796 
583 1 0.319837 7.66647 4.61504 0.215836 0.224418 1.11737 
584 1 0.462123 4.03756 4.06791 0.230446 1.2776 0.675905 
585 1 5.65759 2.29699 1.10949 0.173091 -0.228405 -1.40019 
586 1 7.75625 8.89008 0.458433 -0.80999 -0.37272 -0.484633 
587 1 7.53361 6.86662 4.30927 -1.52134 0.539057 -1.45882 
588 1 4.99238 7.4168 9.06701 0.462731 1.23518 -0.28005 
589 1 3.65272 3.48713 2.28433 -0.0284157 -0.19654 0.110525 
590 1 7.86337 9.17242 2.01846 -0.0512831 -0.149436 0.365662 
591 1 5.98056 8.35429 3.1582 0.0840646 0.697597 -1.70352 
592 1 7.81077 7.05958 3.36384 1.23393 -0.501107 1.47167 
593 1 0.0430365 3.31869 6.25499 -1.41281 0.0408737 1.2372 
594 1 7.71238 6.40527 7.86873 -0.649691 -0.0979533 -0.0140041 
595 1 8.92222 6.29015 0.750463 1.61417 -2.80198 -0.370876 
596 1 7.55514 6.53976 2.59984 0.206449 1.60947 -1.93212 
597 1 6.78856 3.09175 0.215384 -0.761795 0.000665726 0.945882 
598 1 7.44646 3.03207 4.35205 1.26916 0.723823 0.286399 
599 1 7.59333 5.51027 8.40441 0.618863 -1.13901 -0.891065 
600 1 6.75288 5.20908 1.80917 -1.55082 0.0298883 -1.0599 
601 1 8.57822 4.77691 5.3391 0.894415 -0.72069 -0.287808 
602 1 3.26787 2.77003 6.74849 0.607529 0.380141 -0.699897 
603 1 3.07348 6.40728 2.75047 -0.968326 -0.405366 0.183661 
604 1 0.350429 1.92717 5.44721 -0.900571 -0.255692 0.635073 
605 1 5.40843 0.331814 9.0682 0.613347 1.42391 0.559579 
606 1 0.792408 7.96932 5.43049 -0.660457 -0.0390228 -0.853611 
607 1 1.72008 8.45218 0.115538 -0.140327 0.118136 -1.88815 
608 1 7.1486 1.32147 2.36996 0.377243 0.791171 -0.338996 
609 1 0.539385 5.02268 2.69788 2.25257 -0.289595 -0.195193 
610 1 8.48043 3.12111 4.54844 0.925393 -0.846681 -0.240531 
611 1 1.00894 6.05314 1.15212 0.438799 0.654477 0.130864 
612 1 1.5074 6.32924 3.30101 -0.61467 -1.69059 -0.446893 
613 1 3.02692 2.72187 4.9318 0.139694 -0.241046 -0.530263 
614 1 8.85907 4.27472 1.42285 -0.0649967 0.514133 -0.646579 
615 1 1.80723 4.48146 3.70534 -0.6943 0.184765 -1.66933 
616 1 7.80892 3.16693 1.80853 1.1803 -0.0767133 -0.531041 
617 1 5.17248 0.777179 8.2061 -0.361258 -0.839514 -0.666446 
618 1 8.63463 9.14546 7.70295 -0.400255 -0.759465 0.0790446 
619 1 3.29682 1.87117 7.33375 0.719382 -0.427005 -0.236044 
620 1 7.12287 0.351913 2.4916 1.21748 -0.349293 -0.624185 
621 1 2.03485 1.38296 8.51038 0.604701 1.10696 0.695313 
622 1 8.54079 4.02325 3.16413 -0.520305 -0.451187 0.359485 
623 1 5.91355 4.79889 6.83258 1.23266 -1.28517 1.65183 
624 1 5.91032 8.04396 1.59724 -1.09753 -0.233317 -0.754428 
625 1 7.63592 5.55662 6.45417 0.467077 -0.1691 -1.01307 
626 1 7.36363 6.24325 3.5563 -0.693631 0.526455 -0.774086 
627 1 0.885861 9.04732 7.2743 -0.113774 -0.327244 2.20298 
628 1 4.34677 6.03778 1.9361 0.354766 0.326685 1.59129 
629 1 8.41493 6.65587 4.01617 -0.263015 0.64659 0.685189 
630 1 1.13391 7.09192 5.0222 0.967606 0.690395 -0.228952 
631 1 1.66519 2.93691 0.918826 -0.27116 -0.357762 0.545145 
632 1 0.535243 1.13761 6.08608 -0.62722 0.711296 -1.28486 
633 1 3.88218 5.75827 2.77329 -0.180948 0.124565 0.455708 
634 1 2.94242 1.14553 6.83594 -0.397647 -0.022932 -0.212386 
635 1 8.11219 7.26984 7.74158 -0.870673 -0.445805 1.17519 
636 1 1.00216 0.558911 7.53328 0.358697 -0.743747 1.28329 
637 1 7.30055 2.27292 5.83141 -0.939203 -1.07461 0.136707 
638 1 5.31335 1.37083 4.89132 0.30579 -0.297497 -0.310577 
639 1 7.64743 4.7167 6.98037 -0.711495 0.461405 0.232173 
640 1 1.30856 4.27233 6.74668 0.345884 0.0549189 -0.48429 
641 1 4.96242 7.59361 0.731934 -0.63849 -0.177018 0.408633 
642 1 1.53835 2.06415 0.580068 -0.0471876 -1.87528 -1.69206 
643 1 0.595511 9.35793 0.655848 -0.0268794 -0.0786123 0.392113 
644 1 6.88718 6.43442 1.89376 -0.376466 -0.0729942 0.560214 
645 1 1.22979 0.551564 3.53249 0.184699 0.48133 -0.283205 
646 1 2.6847 6.31628 1.16445 1.04805 0.694211 -1.35507 
647 1 2.30272 2.92379 6.50022 -0.0725117 0.528745 -0.323518 
648 1 3.6639 4.74653 0.77242 -0.559124 0.392848 1.08192 
649 1 8.95609 3.09829 8.01686 -0.920042 -0.0517836 0.335565 
650 1 6.88929 5.26884 7.78304 -0.32211 0.78086 0.266955 
651 1 6.48696 0.460833 5.84563 0.86234 -0.539634 0.892765 
652 1 1.39042 5.39681 2.92908 -0.0959345 0.608793 0.470848 
653 1 6.42152 5.19159 6.00341 0.42915 -1.06287 -2.31128 
654 1 5.56799 9.18496 3.44765 -0.663803 0.375669 -0.507578 
655 1 9.3221 5.42705 5.04616 -0.010347 0.635161 -0.0123396 
656 1 2.369 4.25986 6.89038 -0.546574 0.0413909 -0.641075 
657 1 8.28562 1.0527 9.20749 0.607858 -0.318852 0.775899 
658 1 5.71846 2.24196 2.16284 1.39295 -1.23404 -2.17993 
659 1 2.17454 4.37062 4.68022 -1.10776 -0.0125008 -1.79054 
660 1 4.5923 1.1942 4.23419 0.00714233 1.10366 1.97629 
661 1 3.95921 1.2567 6.83682 0.658064 -0.0395255 -1.2633 
662 1 4.70243 2.61372 7.67459 -0.847219 -0.287649 -1.95801 
663 1 4.3026 3.53522 5.40409 -0.423395 0.682639 -0.478048 
664 1 4.83823 3.10817 4.59659 -0.523469 0.811755 -0.572549 
665 1 4.1815 3.02984 3.87247 -0.293126 0.504525 -0.675629 
666 1 3.02918 8.83157 8.62575 -0.168054 0.414133 0.51389 
667 1 1.04754 3.65748 9.16939 1.80811 -0.181328 0.485539 
668 1 1.9372 1.45813 5.28523 -0.123173 1.03087 0.448751 
669 1 9.09825 0.538988 9.23102 0.311401 0.0480206 -1.53093 
670 1 4.92926 9.04464 0.0779828 0.200027 -0.858926 0.356792 
671 1 2.55515 2.0286 6.73281 1.17922 -0.645476 0.222752 
672 1 6.20865 1.5602 0.935005 0.520199 0.207924 0.00932481 
673 1 0.936505 3.32153 5.02118 1.66119 -0.196143 0.174507 
674 1 0.34154 3.17274 1.63125 0.314845 -0.333116 0.917438 
675 1 7.43825 3.97072 2.20517 -0.122897 0.716954 -1.47129 
676 1 6.61956 2.708 1.10058 0.535047 -0.62955 0.505657 
677 1 7.48571 8.15955 2.22157 -0.0959296 -0.848721 -2.12528 
678 1 5.52777 1.04179 7.3262 0.521514 0.444379 -0.439347 
679 1 6.8653 6.1291 8.23336 0.195315 0.667065 -0.909226 
680 1 4.67915 6.25824 3.03188 1.16016 0.429711 -0.834584 
681 1 0.665734 5.11299 1.11311 0.314291 -0.188847 0.542121 
682 1 0.124968 1.75634 6.72813 0.121569 0.0874372 -0.272589 
683 1 6.90282 1.2491 3.36474 -0.292355 -1.67731 -0.0685998 
684 1 1.03176 1.78651 4.479 0.211639 0.966807 1.0088 
685 1 7.12674 7.34853 1.8398 -0.504414 1.68581 0.0354217 
686 1 1.14415 7.31808 1.46325 0.286693 0.305513 -0.942911 
687 1 2.83962 1.76577 5.03613 1.39241 1.65755 0.618126 
688 1 2.20734 8.35331 8.70939 0.691553 -0.409847 -1.10222 
689 1 7.5556 5.96528 4.78187 0.337536 1.1332 0.477041 
690 1 9.18438 8.05108 0.151702 -0.790535 0.730503 0.741413 
691 1 8.94699 7.12274 4.718 -1.19016 -0.185347 0.0294808 
692 1 0.382409 6.70895 4.57545 -0.939709 -1.18971 -0.314896 
693 1 8.45936 7.58511 3.81142 0.975678 -0.0735388 0.725536 
694 1 8.34225 5.00096 1.03615 -1.70201 0.233761 0.389543 
695 1 9.13059 2.51147 4.06762 0.801593 -0.271513 -0.788863 
696 1 2.85365 1.73623 4.03559 0.659324 1.93072 1.37501 
697 1 8.4501 4.87102 7.53216 -0.368858 -1.57285 0.932193 
698 1 0.669158 7.63367 0.593309 1.35836 -1.18648 -0.69103 
699 1 8.68055 5.3424 3.26724 0.237638 -0.26529 -0.662734 
700 1 9.16221 6.21193 9.17964 0.24944 -1.62857 1.49716 
701 1 4.3172 6.0123 0.857421 -1.38086 -0.412364 -0.51926 
702 1 4.95409 2.41317 6.47626 0.41996 -0.647789 -0.691566 
703 1 9.27082 6.23253 8.15559 -0.444499 0.552743 -0.24532 
704 1 0.293936 8.88686 5.62017 -0.868743 0.475394 1.1547 
705 1 7.93152 8.50259 6.2184 -0.359926 1.32915 -0.626149 
706 1 3.83583 9.04824 3.23704 -0.0775603 0.119762 0.314728 
707 1 8.92953 5.4305 0.281912 -0.0337589 1.87496 1.191 
708 1 6.02566 3.93159 1.41764 -2.11876 0.904227 0.182353 
709 1 4.35334 3.12033 6.98577 -0.86508 0.710545 -0.637615 
710 1 0.731152 5.07725 6.68404 -0.420303 -0.729957 0.396084 
711 1 4.05686 0.274991 7.17637 -1.02908 -0.25605 -1.28674 
712 1 1.88968 6.07031 0.674812 0.948235 -0.195406 0.376348 
713 1 8.838 0.461518 1.77271 0.0182061 0.183838 -0.985246 
714 1 7.97246 1.69808 0.516739 -0.698571 0.63461 1.50425 
715 1 9.07982 1.50599 5.90867 0.149047 0.278068 -0.494554 
716 1 7.42511 8.70009 3.77149 0.228763 0.974259 -0.328538 
717 1 4.12384 2.41373 8.51584 -0.349032 0.662279 -0.583564 
718 1 8.66939 3.32368 0.0904011 0.638792 -1.11207 0.445036 
719 1 9.04204 0.931988 6.64597 0.101686 0.427747 0.426847 
720 1 0.636982 1.1001 2.77675 -0.680069 -0.0990186 0.940571 
721 1 8.45463 5.71327 8.04845 -1.19687 0.735013 -0.0984436 
722 1 7.21339 1.88052 7.69349 -0.441383 -0.727971 -0.0418014 
723 1 9.39365 1.65621 3.54485 1.06242 -0.0615859 0.134135 
724 1 8.54302 0.554543 8.41252 -0.0865625 -0.196104 0.767481 
725 1 0.971235 1.26617 6.91329 0.8125 -0.0705135 0.0661316 
726 1 4.36217 1.79066 6.06681 0.265153 -0.727231 -0.516113 
727 1 4.10039 5.26352 1.43855 -0.138219 0.872954 -1.04783 
728 1 5.20046 3.74465 8.73568 -0.873856 -0.773502 -0.162518 
729 1 0.362143 4.10577 2.97541 -0.591431 0.51497 -0.46816 
730 1 4.92129 1.15052 6.55574 -0.0705739 0.264492 1.30778 
731 1 8.05826 7.34677 2.44357 0.886182 -0.218713 -0.443923 
732 1 8.57756 1.73908 6.72611 -0.105631 0.201214 0.741906 
733 1 8.98021 2.65187 8.89265 -0.44244 0.219416 -0.121413 
734 1 8.55833 6.48264 2.30072 2.27697 0.326987 -1.667 
735 1 5.97841 5.17862 5.14643 1.21548 -0.0693687 0.22194 
736 1 5.90662 5.00637 3.60325 -0.837426 -0.966859 -0.817101 
737 1 8.49564 3.33021 6.37974 1.35441 0.557979 -0.49748 
738 1 0.553503 5.0819 8.26206 -0.136486 0.0773245 1.33398 
739 1 2.46408 7.30516 2.63373 -0.386359 -0.417782 0.869601 
740 1 6.26758 1.32823 1.87595 -0.459112 0.512309 0.00877578 
741 1 7.70149 3.4293 0.110429 -1.04803 -0.105918 1.28198 
742 1 3.73083 2.70166 7.62911 0.633167 0.171675 -0.986926 
743 1 8.52288 2.07518 3.30466 -0.516283 -1.0522 0.0110573 
744 1 6.83678 5.19766 6.84359 -0.881045 -0.743112 -0.803976 
745 1 1.64168 5.3771 1.28246 -0.445112 0.711664 -0.079164 
746 1 2.44881 2.60556 4.20682 -0.289397 0.231365 1.72336 
747 1 4.49125 1.36652 0.0656317 0.749343 -0.231012 0.583041 
748 1 7.56598 1.44559 5.475 -0.0902429 0.0379843 -1.42566 
749 1 5.7666 3.32399 4.61243 1.24503 -0.94046 0.285209 
750 1 3.03066 0.120692 3.04434 -0.666012 -0.684921 -0.250313 
751 1 0.0770581 8.90039 6.78549 -0.306052 1.65466 -0.39739 
752 1 2.8498 1.31355 1.85997 -0.533221 -1.17843 -0.333562 
753 1 7.79133 1.57875 4.58078 0.604274 0.660511 -0.314344 
754 1 8.74257 6.97206 1.4441 -0.159309 0.690087 0.380014 
755 1 7.82633 0.227421 7.72964 0.326474 0.175401 0.916296 
756 1 2.97096 3.77274 4.91902 0.0703583 -0.280876 0.395164 
757 1 0.697979 2.76274 5.81275 -0.386395 0.815096 0.695179 
758 1 0.952717 1.98391 6.27103 0.861595 0.381619 0.987838 
759 1 0.800679 2.47688 1.10607 -0.980267 0.152632 0.256651 
760 1 8.45217 8.53778 3.7442 -0.18302 1.36822 -0.0780654 
761 1 4.33781 8.2073 1.3981 -0.311511 0.938 -0.700735 
762 1 0.0838681 0.959685 5.24053 0.0101679 1.77989 0.475107 
763 1 7.86455 8.62168 7.61964 -0.304572 -2.4261 -0.495862 
764 1 1.8517 9.16305 6.05232 -0.198679 -0.444242 -0.595324 
765 1 4.61045 0.592277 0.57991 -0.48989 -0.0446975 -0.819634 
766 1 6.29473 5.14356 2.71637 0.342747 0.267721 0.41394 
767 1 9.23754 4.61456 3.59539 -0.778823 0.404721 0.357057 
768 1 2.66944 3.10437 3.45329 0.457339 -0.149163 0.266122 
769 1 1.01803 8.02635 2.99614 -1.04359 -0.328499 0.337146 
770 1 0.454111 2.9209 7.70358 0.447131 -1.92535 0.126298 
771 1 3.85899 0.388997 1.1224 -0.0376873 -0.404241 0.442331 
772 1 8.69878 7.15747 5.6435 0.576119 -0.429379 0.270741 
773 1 0.186067 7.53621 1.40791 -0.771592 0.125395 -1.95537 
774 1 4.67561 0.0317113 2.97196 0.142779 -0.787023 -0.315052 
775 1 2.47789 3.83116 3.98947 -0.138925 0.566768 0.512731 
776 1 2.16278 8.97161 0.811855 -0.226174 1.00632 -0.0802516 
777 1 5.17629 4.0522 6.71171 -1.58692 0.189832 1.53248 
778 1 5.20317 5.88923 2.3332 -0.914394 0.0655456 0.957857 
779 1 6.89389 8.88475 2.10563 -0.492114 0.0166344 -0.103663 
780 1 7.25175 0.902677 4.18287 0.0222596 -0.972945 1.32015 
781 1 3.90355 6.69187 2.44685 -0.0951393 -0.917351 -0.674281 
782 1 1.87096 0.995301 7.10907 -0.584872 0.566313 -1.02921 
783 1 0.992524 3.61938 6.07303 -1.86163 -0.419873 -0.579366 
784 1 2.84311 3.64171 1.75465 0.441071 0.318537 -1.24381 
785 1 3.34805 1.89954 1.29972 0.154141 0.651846 -1.41848 
786 1 1.00822 1.5946 2.00623 0.630923 -0.207699 -0.723318 
787 1 6.29702 0.195387 2.00439 -1.51051 -0.375117 -1.26461 
788 1 4.79305 0.259748 3.89888 -0.250069 0.300494 0.576218 
789 1 8.16248 0.763082 4.10994 -0.10764 0.325532 0.161864 
790 1 0.0476655 0.154688 7.49671 0.171597 -0.354464 0.0878423 
791 1 1.39419 4.43288 2.82139 1.21615 -1.01403 -0.341507 
792 1 3.2542 1.75616 3.12447 0.377457 0.213632 0.599877 
793 1 7.20707 3.07381 8.7493 0.453328 -0.663982 1.1986 
794 1 8.4138 8.193 2.11969 0.247065 0.377821 0.695525 
795 1 6.75498 4.78406 0.181936 -0.765035 0.0827376 -0.993658 
796 1 6.87702 8.19837 1.45331 0.0835469 -0.499507 0.134153 
797 1 2.19496 7.03597 0.755027 0.0898834 -0.711864 -1.56018 
798 1 4.60295 4.42608 1.42152 -0.188162 0.520028 0.783708 
799 1 3.56102 8.64623 0.82066 -0.249726 0.353551 1.12734 
800 1 6.91107 3.91387 9.11681 0.169834 0.0139944 0.395508 
801 2 7.82774 0.668909 5.02003 -2.22658 -0.287214 0.454667 
802 2 5.53861 1.37767 2.56544 -0.743302 -0.0223318 -0.411438 
803 2 9.22139 7.98976 5.42801 -1.1498 -1.1573 -0.309341 
804 2 7.56418 0.00810763 4.37813 -0.410817 -0.161598 0.0269792 
805 2 8.13923 4.93065 0.120239 1.6164 0.181046 -0.497713 
806 2 7.16026 5.3881 4.10899 -0.547421 0.0821042 -0.00469046 
807 2 6.78681 6.28786 4.31259 -0.198956 -1.13347 -1.10077 
808 2 8.35228 6.62714 0.00794162 -0.541285 -0.521559 0.557339 
809 2 2.48131 0.966207 4.48516 -0.00316362 -0.758173 -0.400063 
810 2 1.25573 5.24987 0.418565 -1.03111 0.386305 0.567175 
811 2 1.2189 8.85941 5.37228 -0.444825 -0.0602807 0.957907 
812 2 8.28378 8.15371 5.39697 -1.27683 0.787761 -0.104536 
813 2 1.94864 3.80702 8.69584 1.2431 0.496655 1.24943 
814 2 5.42529 4.92296 4.40951 0.884315 -0.895947 0.752083 
815 2 6.81582 4.37424 7.34918 0.412465 1.67498 0.261814 
816 2 7.49554 8.16077 9.23202 0.662064 -0.882316 -0.607832 
817 2 5.76929 7.26632 0.274359 -0.297706 1.21623 -0.420366 
818 2 8.97979 7.22204 0.538764 -0.0395209 -0.538335 -0.113274 
819 2 6.84165 0.216075 8.303 -1.74235 -0.805632 0.463576 
820 2 4.99621 3.38889 2.11338 -0.34238 -0.0263217 -0.100191 
821 2 7.09673 1.20888 7.01264 0.648466 -1.33303 -0.247473 
822 2 6.29463 2.79649 2.65373 0.0205277 -1.17328 0.736652 
823 2 8.06133 1.40293 8.32419 -0.58249 0.318232 2.62572 
824 2 8.40487 2.51972 2.45507 -0.457199 -0.929001 0.163326 
825 2 6.22881 7.82809 7.8708 1.50305 -1.0106 -0.82493 
826 2 4.59796 9.13274 1.05689 0.143823 0.47063 0.310774 
827 2 5.13521 3.5885 1.20683 -0.990872 -0.224773 -1.09082 
828 2 0.0375354 3.3638 4.59004 0.173781 -0.819958 -0.353344 
829 2 3.95713 9.15253 8.70877 -1.03671 0.192749 -0.333378 
830 2 1.68576 7.33552 3.20651 1.98241 -0.912254 -0.609361 
831 2 3.62428 5.47579 0.119855 -0.0607829 -1.11188 -0.30731 
832 2 2.88522 7.007 0.033446 0.168706 0.0876236 -0.314079 
833 2 6.02222 0.73613 0.250588 1.46377 0.116615 -0.762207 
834 2 6.59991 5.71263 3.42005 0.34607 -0.0932792 -2.27974 
835 2 5.1929 4.54981 7.54452 -1.39282 0.69862 -1.05459 
836 2 9.32098 7.95739 3.80841 -1.14264 -1.23436 -0.415661 
837 2 6.71181 5.28926 8.73159 -0.559463 -0.76235 1.01694 
838 2 7.64464 3.15259 5.96335 -0.256749 0.953038 0.216011 
839 2 8.90978 3.28942 2.70315 1.02297 -0.0298699 -1.23038 
840 2 5.06447 5.68175 1.4037 -0.182783 -1.13656 -0.80435 
841 2 9.29184 7.01306 3.83236 0.321258 0.27464 0.333579 
842 2 7.51688 4.26377 0.478741 0.294262 0.158628 -0.121659 
843 2 7.37583 4.40807 4.20166 -0.415635 -0.380903 -0.901631 
844 2 1.4078 7.49952 9.3319 -1.30466 1.33909 1.20812 
845 2 4.98298 1.91819 8.24019 -0.109624 -0.326871 0.135736 
846 2 7.39343 5.5217 -0.01128 -0.387311 -1.00722 0.209267 
847 2 9.3161 4.65967 0.681356 -0.806941 0.0449224 -1.39715 
848 2 8.21674 4.07543 9.05261 -1.35272 1.04552 1.00868 
849 2 2.42071 2.38861 0.356379 -0.127296 -0.638181 -0.262369 
850 2 1.41963 8.82923 4.38134 -0.424126 0.372007 0.790436 
851 2 2.69877 8.11068 2.15025 -0.392545 0.113 0.654107 
852 2 8.70908 8.91737 1.60005 -0.342784 -0.335633 -0.327631 
853 2 7.59561 3.85345 8.40892 -1.18035 0.870037 -0.457898 
854 2 1.68675 0.57782 5.56395 -0.351464 -0.639305 0.408094 
855 2 4.47194 1.76959 5.10781 -1.09862 0.131926 0.3599 
856 2 6.23885 7.09951 2.16337 0.942699 1.30684 -0.419109 
857 2 6.304 8.92092 1.22671 -0.13195 1.03132 0.0827779 
858 2 1.34683 2.82727 6.54322 -0.728833 -1.41804 -0.0925932 
859 2 0.729844 3.35595 0.710571 1.11732 -1.49077 0.0651097 
860 2 5.62273 6.71804 2.79523 0.761359 1.38797 0.0772328 
861 2 4.56317 4.27469 8.24942 0.391072 0.103866 0.470449 
862 2 4.28514 0.387517 8.0994 -0.552133 0.155858 -0.444581 
863 2 5.58082 2.68316 3.93472 0.00566098 -1.1778 0.423994 
864 2 0.852515 7.36776 3.81403 -1.01919 0.531395 1.39703 
865 2 8.73079 7.29411 7.04362 1.21552 -0.315554 0.374811 
866 2 2.02974 3.07286 1.85654 1.76851 -0.313365 0.876206 
867 2 7.56586 6.3356 8.89251 -0.362588 0.838412 0.0144996 
868 2 7.45257 3.90084 6.55382 0.181164 -0.581814 0.034141 
869 2 8.5355 5.60447 6.8915 2.14033 1.69046 0.971019 
870 2 3.67745 2.20199 5.46354 -0.515416 0.634475 0.129857 
871 2 7.69852 0.79796 3.09014 -0.86951 0.486113 0.580289 
872 2 3.65639 7.99572 2.37928 -0.505321 -0.215757 -0.189322 
873 2 0.614226 2.31065 3.77701 -0.640459 0.87155 -0.927102 
874 2 0.0776734 1.66974 4.54452 1.98679 0.0266949 0.625937 
875 2 1.23019 7.91786 4.5577 0.38708 -0.866861 -0.258097 
876 2 6.82667 3.51987 7.9651 -0.253208 0.323597 -0.468381 
877 2 5.55356 6.58043 1.72649 -0.252308 -1.231 0.0137487 
878 2 5.50521 0.841517 4.14075 -0.898705 0.742602 -0.571097 
879 2 0.89634 6.93222 2.91311 -1.4747 0.0660775 0.0971108 
880 2 6.90083 7.7891 8.55646 -0.0656153 -0.468045 -0.389431 
881 2 1.59794 3.94657 5.33207 -0.511183 -1.01952 -0.779473 
882 2 6.08167 6.52528 3.68404 0.415135 -0.852802 -0.0104917 
883 2 1.59799 3.01485 5.62885 0.180713 -0.0497089 -0.996389 
884 2 4.05027 3.77349 4.47472 -0.953645 -0.418864 -0.0935943 
885 2 8.56226 2.45426 0.444834 -0.212423 -0.249099 0.757192 
886 2 6.40443 1.79724 2.71703 0.198539 0.168197 -0.119273 
887 2 9.04682 2.43804 6.20242 0.31795 -0.0124063 -0.414482 
888 2 7.0239 6.15335 7.21602 -0.43586 0.474295 -0.217943 
889 2 8.31852 4.8846 8.5426 -0.987042 -0.0526193 -0.817577 
890 2 8.01769 5.66359 2.38725 0.26903 -0.0907282 1.17899 
891 2 2.261 0.495959 0.441011 -0.129282 0.0747063 -0.446475 
892 2 1.5669 2.20089 3.68919 -0.346653 0.0105468 -0.865951 
893 2 2.92402 3.20255 0.031245 -0.390332 -0.0592908 -0.567346 
894 2 0.35263 6.46454 6.14015 0.145546 -0.294714 0.355346 
895 2 3.39122 0.0341901 7.94515 1.29069 -0.412632 -0.799285 
896 2 7.5176 7.76872 3.91781 -2.48129 0.533659 -0.828507 
897 2 2.54769 3.2871 0.860126 0.39912 0.358291 -0.477165 
898 2 6.95803 8.69667 4.63148 -1.02011 0.426195 -1.0444 
899 2 8.7155 7.01856 3.07377 0.466398 -0.354265 1.16752 
900 2 9.05822 1.62887 0.167876 -1.17531 0.518029 -0.427312 
901 2 2.09788 3.33967 4.73574 -0.51552 -0.59426 0.174494 
902 2 8.32238 0.967073 5.89133 0.884138 1.26395 0.0299733 
903 2 4.28575 3.96121 3.52414 0.307741 0.50404 -0.14801 
904 2 6.81486 4.74335 3.47396 -0.821458 0.056568 0.718017 
905 2 7.47315 8.9559 2.8638 0.806525 0.399236 0.72416 
906 2 9.17097 9.1824 2.41463 -1.18987 1.56357 -0.471167 
907 2 9.33589 3.88943 2.12563 -1.87289 0.212339 0.964779 
908 2 4.54274 6.82124 0.329835 -0.450495 1.01996 -0.117857 
909 2 3.07596 8.31225 3.09838 -0.596863 1.58939 -0.29615 
910 2 9.21483 3.46221 7.1492 1.58879 0.821516 1.29799 
911 2 3.08189 2.72329 2.69398 -0.16985 0.701116 -0.109324 
912 2 8.50009 9.30392 4.36309 0.22523 -0.635387 -0.255745 
913 2 4.3793 1.24477 8.49977 -0.19174 -0.00945859 0.521831 
914 2 4.03279 1.74445 3.66207 0.404173 0.219415 -0.142616 
915 2 6.83255 2.69928 7.45795 -0.629213 -0.0508303 -0.0389013 
916 2 5.34896 4.29905 2.01489 -1.12983 0.94133 -0.476047 
917 2 0.109675 4.69011 5.62245 -0.130255 1.74389 -0.448044 
918 2 5.20135 1.62835 1.70294 -1.18842 -0.189052 0.234529 
919 2 9.22401 4.32512 4.77047 0.800744 0.327936 0.044128 
920 2 1.90835 4.77315 6.21715 1.23693 -0.782833 -0.998563 
921 2 5.65405 8.73857 8.79609 0.478632 1.8796 -0.162679 
922 2 2.56934 8.04714 1.00227 1.06149 -0.912718 -0.421235 
923 2 6.8694 7.09052 3.67896 0.0161444 -0.193432 -1.62353 
924 2 5.72321 9.32775 4.38753 0.240535 0.084906 0.909844 
925 2 3.60375 4.22415 2.87772 -1.50574 0.303861 -0.595207 
926 2 5.35632 2.98503 2.86829 2.11469 -0.438611 -0.412185 
927 2 1.14318 9.17089 1.72623 1.0642 -0.446365 0.816462 
928 2 4.92178 1.81651 7.21814 -0.80134 0.306889 0.643433 
929 2 2.41144 5.64256 1.85017 0.410908 -0.187672 1.10191 
930 2 3.42937 1.98765 2.22199 1.25574 1.98422 -1.13106 
931 2 1.38449 8.97497 3.39089 -0.405515 0.886447 -0.248226 
932 2 5.28701 1.30077 8.95152 -0.413149 0.114907 0.676069 
933 2 5.04861 0.159404 7.49048 -0.415878 1.47019 0.0197727 
934 2 1.84117 7.24744 4.14262 -1.66884 -0.264038 0.205215 
935 2 0.680342 5.9951 2.78966 -0.403756 0.0541302 0.597783 
936 2 0.509363 1.46526 8.22796 0.748106 -0.811337 -0.418731 
937 2 0.679989 0.635659 1.32272 0.859024 -0.714434 0.943707 
938 2 8.11903 7.90074 0.558399 -1.50594 -0.546486 0.609552 
939 2 8.78524 7.96738 1.24579 -1.26053 0.620332 -0.584251 
940 2 4.02756 9.28315 0.28923 0.0199397 -0.178595 -0.825499 
941 2 4.82593 6.86725 2.28606 1.66331 -0.342208 0.661623 
942 2 8.02505 4.05488 5.82744 -0.852634 0.0786219 -1.14969 
943 2 0.773739 4.44752 7.52081 -1.02528 0.014867 0.425315 
944 2 5.36907 1.07758 0.9324 0.921171 -0.100761 0.275199 
945 2 6.14494 5.99376 2.27656 -1.28451 -0.236863 -0.944597 
946 2 2.32703 7.75104 0.139975 -0.195999 1.17292 -1.38194 
947 2 8.01415 6.27248 5.86839 -0.155688 0.352421 0.329189 
948 2 4.38244 4.12567 2.30507 0.166285 -0.992796 -0.836447 
949 2 3.01059 0.0398226 0.837003 0.00312777 -0.308422 -0.700269 
950 2 0.611452 0.893483 4.40482 -1.16595 -0.555063 0.728373 
951 2 1.03467 0.72504 8.49069 0.723754 0.120676 1.60991 
952 2 4.62133 0.876318 1.4982 0.830709 0.836632 -0.774435 
953 2 3.58693 0.661821 8.67041 -0.0638282 -1.80345 -1.31596 
954 2 2.13036 8.15326 2.92178 0.415267 -1.19866 -0.681497 
955 2 4.13221 0.775869 3.28627 1.31549 -0.54281 -0.0466669 
956 2 2.10083 5.38301 0.0158089 -0.836197 0.932177 -1.51809 
957 2 7.15405 2.12227 4.04198 1.06484 0.438718 -0.550847 
958 2 1.89068 8.3441 1.58344 0.721543 0.583029 0.75893 
959 2 0.925875 8.99029 6.31724 0.0297683 -0.945035 -0.98983 
960 2 7.87736 0.777679 2.02761 0.490972 -0.393463 -0.28603 
961 2 6.80029 3.80108 3.77412 0.965028 -0.614564 0.731164 
962 2 6.17184 0.567256 1.15784 0.933688 0.248154 -0.81312 
963 2 0.0139703 7.94521 7.12057 -0.565779 0.718707 -1.06569 
964 2 1.43468 1.26732 1.11425 -0.0306127 0.206056 -0.0833481 
965 2 6.91442 1.01761 0.657845 -0.648615 -0.0766926 0.639589 
966 2 0.291589 8.17304 6.23419 -0.691507 0.555594 0.235872 
967 2 1.732 3.4924 7.09552 -1.59127 0.270298 1.08919 
968 2 0.430666 3.0733 8.67466 0.122917 -0.98905 -0.579253 
969 2 0.515181 6.89131 8.45599 -0.808799 0.632929 -0.172416 
970 2 5.94766 8.7143 2.24652 -0.398647 0.330139 1.22637 
971 2 9.36013 8.29427 1.96971 1.11304 0.911604 0.698748 
972 2 5.30261 8.51175 0.964494 0.266506 0.0130239 -0.763236 
973 2 8.97812 0.052023 3.40449 0.346246 -1.30181 -0.115991 
974 2 0.523349 8.59744 4.74557 -1.17725 0.28925 0.360325 
975 2 1.93556 3.14851 0.0191115 -0.08418 -0.273984 -1.07215 
976 2 8.09011 7.13036 6.37734 1.2088 -0.885012 0.0549025 
977 2 8.41261 8.80689 2.83683 -0.541542 -0.766793 -0.156305 
978 2 1.63836 2.20026 1.53196 0.402517 0.596767 0.343584 
979 2 8.26836 4.85675 6.27626 -0.333472 0.507609 -0.202503 
980 2 8.30386 1.94581 5.68399 -0.160834 0.98037 1.40456 
981 2 7.82619 6.66755 1.7107 1.85541 1.34177 -0.820926 
982 2 3.43692 3.19836 5.62978 0.448514 0.152686 1.46938 
983 2 9.03381 3.72184 8.71004 -0.154634 0.556937 0.604653 
984 2 0.980931 2.26915 8.31693 -0.547189 -0.313187 0.858785 
985 2 2.62925 2.54325 7.52287 0.0710987 1.39291 0.735884 
986 2 9.07821 0.110793 0.867378 -0.298127 -0.521012 1.15538 
987 2 2.51961 2.45981 1.30292 0.303337 -0.237923 -0.115101 
988 2 6.88115 0.73126 9.1578 0.500335 -1.15244 -0.470061 
989 2 5.2352 8.01562 8.30466 0.308679 1.34648 0.631855 
990 2 2.90881 3.86712 8.77405 0.0691252 -0.0460977 0.194242 
991 2 4.15436 2.70765 2.12717 -1.52025 -0.314807 -0.352202 
992 2 2.20914 5.96233 2.75123 -0.605993 0.76498 -0.19363 
993 2 2.45528 2.20277 2.21209 -0.819143 -0.682472 1.51545 
994 2 0.0907309 2.7797 0.28873 -0.340286 -0.550997 -2.30806 
995 2 0.539894 0.0188575 3.09409 0.28155 -0.0902372 0.831199 
996 2 1.02223 4.55647 5.86404 0.0210778 -0.202954 -1.41652 
997 2 1.28949 4.43379 1.28241 -0.51744 -0.143231 -0.205842 
998 2 0.178876 7.50076 3.05593 0.241323 0.394242 -0.681107 
999 2 7.73566 7.36926 5.52853 -1.35929 0.253892 -0.240623 
1000 2 9.13676 5.40445 8.67128 0.976738 -0.0312035 -1.2819 
