1 1 5.65221 7.52127 7.69423 -0.11602 0.964194 -1.17953 
2 1 4.10835 1.81024 4.24342 -0.151376 -0.507798 -0.198163 
3 1 5.7541 7.14049 8.71469 -1.16904 -1.56961 0.396069 
4 1 9.03723 1.44907 9.08017 -0.678944 0.630094 0.561125 
5 1 4.20583 6.29343 1.36061 -0.669522 -1.52049 -0.327707 
6 1 2.56986 7.47098 7.00454 0.623864 0.843842 0.60983 
7 1 4.66665 2.35797 3.69153 -0.0428825 -0.785889 -0.51632 
8 1 1.37573 3.19765 7.42429 0.746563 0.0855159 -0.452477 
9 1 1.09409 2.64938 1.44213 1.37389 0.247804 -1.38369 
10 1 7.08442 1.49062 5.7645 -0.708755 0.87742 0.387181 
11 1 6.02321 8.38015 1.87603 1.37096 -0.260302 -0.0729716 
12 1 2.12089 5.83212 5.80189 0.113398 -1.97847 -1.52786 
13 1 4.61154 7.83615 3.43722 -0.730552 1.35871 -0.359108 
14 1 8.72112 3.84133 4.96528 0.524245 -1.03614 0.436128 
15 1 1.05292 0.833727 0.432176 -2.18352 0.0415595 1.29792 
16 1 3.24107 1.99343 6.43511 0.0942267 0.874281 0.0987419 
17 1 2.65813 2.80956 1.34776 -0.467713 0.647714 -0.837726 
18 1 8.63145 8.6467 6.45618 -0.685266 0.258797 0.238542 
19 1 8.79909 2.41218 7.42654 1.50991 0.568256 -0.0454472 
20 1 6.66351 7.74304 4.89785 -0.514233 1.41873 -0.310374 
21 1 3.31339 4.13569 8.41753 -0.548889 0.349266 0.0492894 
22 1 7.6503 1.17449 0.296797 -0.803868 -0.383127 0.113004 
23 1 9.17783 5.6147 0.568937 -0.704662 1.73233 0.969229 
24 1 2.9167 6.5433 9.21074 0.535871 -0.398653 0.348008 
25 1 9.05429 4.37241 2.69876 -0.419379 -0.251059 -0.460833 
26 1 3.16517 0.592258 3.17826 -0.837953 0.36673 -0.215933 
27 1 0.426759 2.18428 8.69793 -0.262792 0.833856 -0.50216 
28 1 7.51519 6.14198 8.63356 0.484329 -0.0804306 1.13908 
29 1 9.02757 3.36232 2.48872 -0.268807 0.660717 0.818282 
30 1 0.696302 8.77648 8.97657 -1.58262 0.146011 0.995573 
31 1 1.82467 7.83037 7.57402 0.208203 -1.75397 -0.517049 
32 1 7.32153 8.41417 4.61285 0.392378 0.234462 2.00055 
33 1 6.98714 7.85068 6.75405 -0.174769 -0.104833 -0.20387 
34 1 1.03612 7.69672 2.71084 0.343349 -0.0535628 0.0603114 
35 1 2.64628 8.41516 3.17959 0.474442 0.269881 -0.648117 
36 1 1.74489 1.35873 0.817304 -0.432304 0.201543 0.307648 
37 1 9.37472 6.98659 4.02195 -0.67231 1.04189 0.109044 
38 1 8.38573 1.78191 0.233788 0.0801604 0.906703 0.669931 
39 1 6.25171 1.54724 4.08098 0.335201 -0.14358 -0.0234208 
40 1 3.78378 2.83001 3.28221 0.338632 -0.176324 1.02464 
41 1 1.44697 2.61461 3.43045 0.105386 0.280589 1.02709 
42 1 9.39238 0.671125 3.53256 0.212257 -0.068888 -0.0476171 
43 1 5.39791 3.02965 5.14089 -0.73601 0.486222 -1.82957 
44 1 2.29264 5.77154 1.37547 0.941751 0.286039 -1.7032 
45 1 8.52507 6.16398 6.05831 1.90907 0.350709 1.1275 
46 1 7.98461 0.278253 2.6591 -0.359451 -0.272952 -0.142946 
47 1 7.24874 9.07211 5.31224 -0.150324 -0.316613 -0.818811 
48 1 4.1736 4.86446 7.64339 0.55657 0.343187 -1.14677 
49 1 9.06361 5.43839 6.43697 -0.0899852 -0.163012 -1.00274 
50 1 0.148993 8.0373 2.43806 -1.61235 0.789665 0.347536 
51 1 6.9793 3.85732 4.89551 -0.140931 0.392233 0.558772 
52 1 1.7006 7.85155 8.98793 0.128481 -0.0622917 -0.560151 
53 1 4.93332 9.10136 5.62685 -0.136267 1.2014 -0.204159 
54 1 6.52033 7.23395 0.803895 -0.684632 0.00521411 0.633128 
55 1 5.43763 5.79381 2.45308 0.11015 -0.861264 0.440766 
56 1 4.30719 5.26992 6.59839 1.24147 0.564155 0.728169 
57 1 3.17448 6.6963 2.73255 0.561836 0.207475 0.571485 
58 1 1.9837 1.16953 8.2615 0.574908 0.271535 0.519831 
59 1 9.05849 2.87195 6.5931 0.856028 -1.77209 -1.2638 
60 1 7.13798 3.43144 5.83262 -0.528915 0.125737 0.858025 
61 1 6.08588 6.97155 5.35515 1.16736 0.054265 0.509093 
62 1 5.72104 7.17535 6.22636 0.590485 -0.099588 -2.43654 
63 1 1.2645 8.33652 4.45077 0.807297 1.3119 0.444559 
64 1 8.88587 1.25783 0.934426 0.349452 -0.254901 -0.556231 
65 1 2.95199 5.73171 2.91234 -0.791474 1.08512 -0.638973 
66 1 8.16437 5.97581 7.72117 1.32548 -0.284777 -0.741861 
67 1 4.20587 5.51721 0.794642 0.259577 -0.637585 -0.761938 
68 1 5.00198 5.14517 7.31167 1.36193 0.0196943 -0.37341 
69 1 1.65373 3.48106 4.96975 -0.697168 -0.82406 -0.874375 
70 1 5.63761 3.45807 2.64325 0.426135 0.364813 0.0896569 
71 1 3.757 8.68409 4.67189 -1.30444 -0.643529 -0.881996 
72 1 8.28776 7.0419 0.890681 -0.128042 1.33201 0.622096 
73 1 7.52302 7.53239 1.21028 0.756923 -0.0276952 0.781297 
74 1 4.4908 5.76151 2.20507 -1.4724 -0.243213 -0.58759 
75 1 0.101532 7.09424 1.43778 1.51905 0.79828 -0.307619 
76 1 4.76846 6.92029 0.784188 0.779791 -1.12095 -0.433995 
77 1 4.80567 5.88658 3.16008 0.528466 -0.731614 0.476831 
78 1 1.50295 9.16415 2.22327 0.618366 -0.224452 -0.364344 
79 1 1.92026 9.36813 6.79163 -1.18958 0.813198 0.379997 
80 1 0.0531619 2.08508 3.54434 1.20061 0.199037 0.497162 
81 1 5.58301 4.55431 1.11215 -0.556177 0.256127 -0.301055 
82 1 7.65227 7.47879 4.70625 0.107993 1.01565 1.09088 
83 1 5.43689 8.62613 6.92894 0.0967932 1.45559 -0.675556 
84 1 6.67202 0.110716 3.2974 0.447353 0.463206 -1.85256 
85 1 1.53241 3.48964 3.94108 -1.44167 0.725895 -2.7229 
86 1 7.54844 4.96686 5.28695 -0.485758 -0.624342 0.647081 
87 1 2.46433 6.56622 5.30914 0.156803 0.894291 -1.62234 
88 1 2.69298 1.95589 2.17897 1.60331 1.38849 0.377976 
89 1 7.39615 3.39396 7.4991 -1.09179 -0.300107 1.23 
90 1 7.78609 0.712449 4.45198 0.382723 -0.674287 -1.21797 
91 1 7.30691 3.0303 9.39743 0.176388 -0.0447109 0.449802 
92 1 8.67698 0.974046 4.80819 0.700475 0.389954 0.389075 
93 1 4.80892 4.19918 3.93607 -0.377216 2.27023 -0.864558 
94 1 7.03274 7.98983 0.515786 -0.639466 0.112526 -0.176473 
95 1 0.978474 2.04681 0.68158 0.622473 1.14546 -0.816674 
96 1 2.50218 7.39577 9.25006 1.33 -0.809573 1.08345 
97 1 2.61892 8.13066 2.2528 -0.943206 -1.6469 1.44401 
98 1 3.37361 3.42006 1.50951 0.773942 -0.995309 -0.19402 
99 1 1.60231 4.20476 5.60518 -0.589486 -0.360576 1.40779 
100 1 4.03029 0.145948 4.30378 -0.0134153 0.600861 0.368708 
101 1 8.26526 4.15106 8.79908 0.0854131 -1.99168 -1.08556 
102 1 2.22964 8.05093 4.6529 -0.923154 -0.708804 -0.353287 
103 1 0.677935 0.407577 9.05803 0.743849 -0.279703 0.70096 
104 1 1.54883 3.97266 2.31304 -0.135045 0.0701372 0.139429 
105 1 2.99057 8.08199 6.29774 0.641444 -0.0757089 -1.38547 
106 1 7.95613 2.1909 7.01459 0.746507 0.0890372 1.34296 
107 1 9.11824 7.93534 4.0286 0.470806 -0.942283 0.663 
108 1 2.59824 3.88499 1.27615 1.64909 -0.341359 -0.2825 
109 1 1.81069 5.10001 9.09232 -0.00729029 0.0131367 1.25647 
110 1 5.68138 0.131678 3.28617 0.464967 0.7829 -0.163038 
111 1 1.30007 9.19727 1.28955 0.388461 -1.87559 -0.59503 
112 1 8.84937 2.89948 8.29457 0.271654 -0.234007 1.86364 
113 1 7.33131 3.37726 2.85599 1.35453 -1.59582 0.776616 
114 1 8.61486 1.83081 3.16533 0.8668 0.0718779 -0.518949 
115 1 3.33052 4.98288 6.7131 -1.19606 0.885182 0.101302 
116 1 2.83515 7.3867 5.61755 -0.182928 -0.723608 0.814758 
117 1 0.686315 6.70164 0.771858 0.661961 -0.1063 0.844893 
118 1 8.77696 9.10341 5.62311 -0.451239 -0.115283 0.943729 
119 1 7.31837 2.44204 5.80534 0.381858 1.34933 -0.397879 
120 1 1.86515 3.40974 3.05524 -0.287166 -0.899027 0.584496 
121 1 0.954227 5.69001 1.70043 -0.368969 -0.234887 0.017442 
122 1 2.75486 5.38635 7.3975 -0.692568 2.51452 -0.065793 
123 1 2.09168 0.954073 6.99066 0.0798446 -0.172589 0.464694 
124 1 3.87735 6.05765 5.20834 -0.82011 -1.39642 0.414642 
125 1 9.08357 2.8995 0.61244 -0.792367 -0.370578 -0.446354 
126 1 2.10179 2.11084 8.70301 -0.16011 -0.95046 -0.186711 
127 1 7.73098 5.57257 0.0261024 -1.02251 -0.339954 1.68951 
128 1 6.16255 8.74288 3.54426 -0.203712 -0.64113 0.285471 
129 1 5.45172 2.5592 2.32824 -0.52887 -0.899703 -1.29853 
130 1 4.42098 7.17406 4.16811 -0.751644 -0.823028 -0.195357 
131 1 5.83038 1.70254 2.64299 -0.273861 0.666825 0.717749 
132 1 2.60744 4.53233 7.87786 -0.454733 0.254243 0.105551 
133 1 1.27927 9.2665 8.38579 -0.218263 -0.53018 1.17813 
134 1 4.49863 6.00161 5.95355 0.0599854 -0.14462 -0.347351 
135 1 3.64799 3.62001 5.72295 0.669361 0.366435 0.616207 
136 1 0.802378 8.3547 6.01278 -0.566509 -0.0713156 -0.307943 
137 1 2.67106 6.19091 0.647832 1.13739 0.318655 1.12478 
138 1 8.28747 8.72827 2.59704 0.066166 -0.139939 -0.148088 
139 1 0.67255 1.53909 9.33371 -0.138398 -0.00180625 0.181883 
140 1 8.71282 6.31164 4.3702 0.553545 1.37513 -0.408543 
141 1 4.5913 0.904024 4.42303 -0.63428 -0.761896 -0.588988 
142 1 4.62385 2.84198 2.79713 -0.625188 1.46654 0.442376 
143 1 4.28148 4.55094 0.186727 0.0478881 0.0550316 -0.797044 
144 1 8.10997 1.29521 8.78728 0.583447 0.0937079 0.115949 
145 1 1.61481 1.39067 9.21714 -0.390511 -1.73545 -0.824425 
146 1 2.4363 8.32924 5.52021 0.232003 1.33479 -1.79045 
147 1 1.97934 3.0138 9.10745 0.628196 1.3847 0.0908606 
148 1 0.395958 4.18075 1.04871 0.0801667 0.625748 -0.918737 
149 1 8.24358 3.13225 7.07076 -0.121803 0.670612 0.620786 
150 1 6.37996 8.10183 7.46719 -0.0816386 -0.352017 -1.2446 
151 1 2.1547 8.42767 8.32503 -0.898527 -0.809809 0.00137665 
152 1 0.511366 0.287611 0.995858 -1.03014 0.254581 -0.108909 
153 1 1.44886 2.73485 6.51141 -0.0276565 -0.0960336 -0.284964 
154 1 7.07895 1.9752 6.60954 0.424624 0.0171327 -0.292265 
155 1 7.05736 6.98521 5.29787 1.00981 0.325119 -0.228858 
156 1 2.39858 2.45862 6.32563 -1.82436 -0.075822 0.380173 
157 1 0.784919 5.73123 0.751062 -0.136078 0.454969 1.67638 
158 1 4.83321 6.58928 2.46457 -0.0360473 -0.351437 0.176281 
159 1 2.58472 9.30718 3.53615 -0.350926 -1.47325 -0.162147 
160 1 1.34748 3.00714 2.32145 0.623463 -1.55205 0.207586 
161 1 1.10071 5.74085 2.64143 0.156738 1.1816 -0.493085 
162 1 3.30743 4.44468 1.62775 0.325249 0.240902 -0.872425 
163 1 8.80986 3.82189 6.69534 1.55937 0.879454 0.500422 
164 1 0.911988 1.83448 3.21657 1.60454 -0.253525 0.600389 
165 1 2.18521 5.42445 2.40971 -0.0368414 -0.726356 -1.23901 
166 1 1.21303 1.73892 8.40243 -0.636828 -0.341684 1.24043 
167 1 0.164915 1.27947 5.09534 -0.284681 0.32089 -0.164339 
168 1 8.74078 7.46776 8.00896 0.191065 0.59444 0.116816 
169 1 1.25943 5.29725 6.83441 -0.0250361 -0.657102 -0.915624 
170 1 3.00934 1.37363 4.373 -0.310764 1.1463 1.05949 
171 1 3.01222 2.31786 3.03086 -0.379662 1.75198 -0.21229 
172 1 0.67388 0.196632 2.02953 -0.158725 -0.251131 -0.392456 
173 1 9.38894 9.11826 1.54099 0.110864 -1.47763 0.0962231 
174 1 6.39255 3.86419 3.17516 0.481472 -0.400028 0.871101 
175 1 5.04007 8.23802 5.20807 -0.992904 0.153527 -0.19527 
176 1 4.00687 6.29959 2.90937 0.214633 0.777842 -0.192822 
177 1 1.81712 5.29561 4.07666 -1.75395 -1.15995 -1.15539 
178 1 9.34905 8.9387 7.53088 0.528178 1.12081 -1.0155 
179 1 9.1063 0.40575 8.949 -0.354399 0.239325 -0.350897 
180 1 5.35857 7.39331 2.94632 -0.585117 -0.0996314 0.56329 
181 1 0.818767 6.78362 8.85701 -0.87119 -0.0816029 0.67007 
182 1 1.13385 6.69375 2.69372 -0.0144858 0.944956 -0.999504 
183 1 0.816582 2.30164 4.13686 0.609123 0.255804 -0.91297 
184 1 7.9272 1.71811 6.1428 0.0133172 -0.394198 0.559302 
185 1 4.60246 6.0473 7.63821 1.07506 1.47843 -0.728932 
186 1 3.7282 6.22624 8.83632 1.75415 -1.65073 0.468253 
187 1 7.89607 2.49077 1.61603 0.45738 -0.283434 0.498892 
188 1 8.63267 2.20712 1.04177 0.123694 -0.139607 0.727289 
189 1 3.39168 7.18332 6.44176 -0.197953 0.495764 0.995168 
190 1 0.904281 6.66402 1.73765 -0.00519949 -0.75195 -0.754576 
191 1 5.52909 6.45325 4.70996 -0.836815 -1.19285 -0.180856 
192 1 1.3943 8.05309 6.72766 0.502585 -0.646734 -1.12946 
193 1 8.13883 4.20884 0.993954 0.0991731 -0.115365 -1.30939 
194 1 8.75171 4.35553 4.11633 1.51906 -0.607481 0.668934 
195 1 2.28308 0.220085 4.46479 -0.585536 0.640428 0.0916005 
196 1 6.71501 2.42391 4.29421 0.870959 0.653417 -0.88856 
197 1 3.75092 3.46537 7.13391 1.09047 -0.994294 0.408172 
198 1 3.96452 7.25328 1.24535 -0.24859 -0.593058 0.304021 
199 1 7.09813 8.75135 3.74974 -0.676729 0.370651 -0.400555 
200 1 7.8889 8.02285 1.9385 0.60998 0.206614 0.508833 
201 1 0.320372 1.15446 8.55364 1.27363 0.440323 1.208 
202 1 6.73134 8.12073 3.06032 0.951481 -0.439938 0.970644 
203 1 8.51027 4.79234 5.00273 0.570554 -0.427639 0.26913 
204 1 2.7775 7.25271 0.78134 0.922436 0.820672 -0.837772 
205 1 2.37244 0.842859 3.68563 0.0389537 -0.483954 0.410534 
206 1 1.20219 7.27519 0.179876 0.234587 0.692556 -0.110921 
207 1 0.22988 7.20531 0.0809323 0.731972 0.924886 0.675662 
208 1 6.69231 4.57206 9.13374 0.30153 1.25581 -0.195621 
209 1 6.38754 8.85594 6.76831 -0.380817 -1.12567 -0.0316367 
210 1 0.840399 7.64842 1.78322 0.986085 0.159725 -0.991927 
211 1 1.48369 8.15347 5.35282 0.430897 1.35396 -1.09898 
212 1 1.1339 1.04906 4.6817 1.04003 -0.519824 -0.733977 
213 1 8.06637 5.50989 4.52043 -0.693555 -0.341152 0.118062 
214 1 5.95298 0.929195 4.74162 0.829456 -0.0497414 0.349581 
215 1 1.07006 5.49036 7.7492 -0.5048 -1.16464 0.0145883 
216 1 1.57894 7.39663 4.37386 0.0515946 1.33687 -0.899298 
217 1 4.59991 3.46641 5.56201 0.228304 1.18076 -0.0298618 
218 1 3.4107 5.55116 4.38692 -1.4152 -1.21301 -0.392255 
219 1 5.64776 0.133588 6.50987 0.7591 -0.32837 -1.62731 
220 1 2.13249 3.56562 0.500435 -1.06314 0.0369403 -0.460794 
221 1 0.893278 6.7647 4.24384 -0.403395 0.843447 1.42124 
222 1 1.77784 4.52533 8.31451 0.0164861 0.0671906 2.39417 
223 1 9.00793 2.42196 5.66427 -0.321821 0.904791 0.445199 
224 1 5.79447 5.43194 6.84818 0.0679479 0.80308 1.33119 
225 1 7.67243 8.02537 2.88286 -0.13972 0.353022 -0.798362 
226 1 8.15197 5.60013 6.76641 1.12538 0.386353 -0.285405 
227 1 2.99984 8.11471 4.0054 1.83175 0.105648 0.465282 
228 1 0.258623 0.231411 6.87519 0.386475 -0.798927 -0.46417 
229 1 7.55787 6.345 6.15498 -0.0514789 0.0642072 0.53783 
230 1 4.65132 3.92702 8.88429 0.14857 -0.419757 0.590081 
231 1 1.51707 5.08956 5.93633 -0.232912 0.941295 -2.20038 
232 1 7.47052 7.877 3.82042 -1.47025 -0.752156 -0.220933 
233 1 4.7429 2.45227 4.68514 -0.436437 -0.329333 -2.07977 
234 1 4.42866 0.349675 5.15478 -0.513319 -0.267223 0.0952397 
235 1 9.169 1.6951 1.75865 -0.0444486 -1.02122 0.358161 
236 1 6.5801 5.19178 5.42246 -0.15707 -0.406145 -0.0810767 
237 1 1.70764 7.08318 6.78405 -0.238183 0.53117 -0.676342 
238 1 1.91635 2.38281 1.83135 0.381402 -1.02553 0.688834 
239 1 5.85216 4.09775 7.85185 -0.324985 0.573978 -0.40093 
240 1 0.482464 1.69909 7.80097 1.38392 -0.30199 0.0196091 
241 1 4.26351 7.61027 6.48034 0.693926 -0.0397345 -0.630226 
242 1 2.7984 2.4167 7.87724 -0.490344 -0.161527 -0.180166 
243 1 0.143178 8.57668 6.68562 -0.0194565 0.843631 -0.487831 
244 1 3.92622 3.83771 3.94458 0.0130093 -1.14212 -1.27799 
245 1 3.19711 7.92227 4.90789 0.263694 -1.32449 -1.12379 
246 1 6.43849 8.75584 4.47839 0.162227 -1.17687 0.30921 
247 1 7.12745 6.43741 7.80309 1.09599 -0.382408 -0.282176 
248 1 3.94373 2.00914 5.80806 -1.03477 -0.285916 1.66648 
249 1 2.5299 9.31717 5.38875 0.217594 -0.0184926 0.168462 
250 1 6.97675 0.979057 4.8613 0.554753 1.48615 0.0200511 
251 1 7.09391 7.2363 3.20902 1.11337 -0.386742 -1.18952 
252 1 2.08652 3.53977 6.72341 1.11209 -0.866775 0.00772083 
253 1 1.89912 1.18675 5.45108 -0.194368 -0.0510626 0.50235 
254 1 7.86452 1.42315 2.71235 -0.29501 -0.16034 -1.10891 
255 1 3.0107 1.48335 3.44962 -0.329913 -0.698749 -0.299531 
256 1 1.73293 2.0164 5.85658 0.461757 -0.774722 -0.458634 
257 1 0.252724 2.62357 7.82942 -0.0898068 -1.0318 -1.17785 
258 1 2.82983 0.518342 2.27253 2.18447 -2.13424 1.49268 
259 1 7.14943 6.81442 6.90987 -1.08233 0.058687 0.185202 
260 1 9.28421 8.33796 5.75797 -0.323415 -0.521046 0.271176 
261 1 0.043477 8.09625 1.47594 -0.0344832 -0.00536191 0.312162 
262 1 8.06172 3.17401 8.78839 -1.41025 2.44091 -0.0508735 
263 1 3.04389 2.72641 4.7158 1.11556 0.00338841 1.03228 
264 1 9.24322 5.03684 5.56228 -1.33346 0.436537 0.0888772 
265 1 4.36387 5.56752 4.54144 -1.12857 -0.295339 -0.765646 
266 1 2.69744 8.28447 0.892963 0.675642 -0.271662 0.532322 
267 1 7.0774 7.40406 7.63578 -0.94261 0.780443 0.643319 
268 1 0.287983 6.14828 2.28915 -0.51052 0.625917 -1.77724 
269 1 1.43937 4.87427 2.54599 -0.401653 0.858495 -0.362222 
270 1 7.65995 4.59593 0.198888 -0.0397487 1.30458 -0.821924 
271 1 9.14187 0.574622 5.59507 -0.571221 -0.297808 0.491902 
272 1 2.74751 0.798919 5.1015 -1.05411 0.464339 0.27241 
273 1 3.40303 8.9565 3.82887 0.166786 -1.72154 0.289156 
274 1 2.76099 3.42871 5.34114 1.0764 1.18383 -0.176702 
275 1 8.5106 0.783517 0.191431 -0.869757 1.17502 -0.503635 
276 1 9.22673 4.50327 1.76005 1.54947 0.551169 -0.497288 
277 1 0.641588 3.18398 3.77174 1.16215 -0.143263 0.296707 
278 1 7.37238 3.88814 8.98243 0.337881 -0.231655 -0.716191 
279 1 3.07717 3.3325 0.593545 -0.700706 -0.629803 -0.549902 
280 1 0.588639 1.16534 2.01493 -0.49837 0.442722 0.144094 
281 1 5.28775 0.272768 4.65812 -1.12567 -0.506071 0.627303 
282 1 1.14826 3.62108 6.58171 1.21134 0.337792 -0.120278 
283 1 6.95151 7.11864 4.17769 1.63901 -0.735978 1.29328 
284 1 2.633 5.2378 0.26194 -1.55187 1.608 -1.40366 
285 1 7.97137 7.11269 2.83073 -0.200673 -0.435659 -0.00723317 
286 1 8.11393 4.86882 7.79627 1.28926 0.466859 -0.119967 
287 1 0.483279 2.68137 6.04938 -1.11929 -0.917093 0.627791 
288 1 6.90019 8.97544 0.612605 -0.548303 -0.00350291 -1.09851 
289 1 3.7944 1.00303 3.82387 1.44808 -0.771927 0.479261 
290 1 6.66574 4.82303 8.19648 0.78725 0.0770521 0.32603 
291 1 2.76581 3.58491 7.37329 -0.827187 -1.05062 0.320485 
292 1 0.566769 8.6853 0.899405 -0.20383 -0.228577 -0.0672776 
293 1 7.37777 8.95324 2.8801 0.70134 -0.381953 -0.0303464 
294 1 6.46568 0.729179 6.51376 0.229706 -1.68682 -0.367646 
295 1 4.05281 0.984761 5.74994 -0.420452 -0.400542 -0.807435 
296 1 7.99142 4.07883 7.16949 0.457382 0.227452 0.121732 
297 1 7.72339 0.188764 0.361743 -0.609648 0.205572 -0.413558 
298 1 4.65536 6.85024 3.31772 -0.930196 -0.690247 0.268634 
299 1 4.31415 6.29898 0.194286 0.236502 0.608296 0.436002 
300 1 2.17043 2.60264 2.70531 -3.09356 0.000688996 -0.774216 
301 1 3.61471 2.4773 1.54253 -0.485427 -0.249701 -0.0065468 
302 1 8.93618 4.35446 7.51988 0.205891 0.0135789 -0.0428048 
303 1 0.0667042 4.62892 4.70344 0.292113 0.626996 0.505649 
304 1 0.695366 7.19856 3.41732 -0.31433 0.730633 1.09509 
305 1 0.634082 2.72707 2.94127 1.09794 0.699902 -0.730176 
306 1 2.66243 6.48194 7.30988 -1.00417 -0.810866 -1.0792 
307 1 5.48613 6.74527 7.11808 0.913812 1.07681 0.330108 
308 1 5.19156 1.61485 4.45825 0.27507 -0.720036 -0.407124 
309 1 0.337104 5.17155 2.26529 0.233983 -0.962929 -1.19349 
310 1 0.571278 3.54085 7.85387 0.667823 0.367982 -1.04948 
311 1 8.20713 0.763763 6.05247 0.0859749 -0.75557 -0.305194 
312 1 2.75784 3.66613 9.14739 1.38066 1.2896 -0.754535 
313 1 1.87262 4.95618 7.44967 1.06062 -0.173741 -0.601161 
314 1 3.24686 3.84799 2.36274 -0.186683 -0.557612 -0.0746356 
315 1 0.327377 7.3091 8.13317 0.0442353 0.947615 0.0796489 
316 1 2.55886 4.42011 6.94701 0.0103062 -0.965884 -0.831499 
317 1 3.44208 0.104639 5.06297 -0.780454 -0.247947 0.512905 
318 1 3.96124 6.8422 2.11982 0.432329 -0.392132 0.838402 
319 1 6.52598 7.95491 3.97604 -0.393463 0.456642 0.064211 
320 1 7.9961 0.335995 6.88992 1.34665 0.629401 0.371714 
321 1 3.20192 6.72353 1.53596 0.565195 0.783285 -0.57371 
322 1 1.4679 1.64983 3.98727 0.758364 0.334285 -1.0687 
323 1 2.83904 3.29345 3.02131 0.0358609 -0.490084 -0.189574 
324 1 6.18886 2.91639 1.8309 -1.20155 0.301876 -0.326476 
325 1 3.36267 3.25928 8.02515 -0.614451 0.0733738 0.102618 
326 1 5.80953 4.26535 8.82606 1.15677 -0.0671385 -0.631974 
327 1 5.47585 1.92764 5.34218 -0.982644 0.175176 0.412772 
328 1 1.29206 0.228242 6.04822 0.909828 1.14636 0.0234933 
329 1 5.17973 7.65318 6.84051 0.505435 0.224087 0.528371 
330 1 2.55377 1.79871 5.16735 0.978821 -0.256679 0.271721 
331 1 6.8969 4.33697 5.70126 0.973121 -0.205567 0.0848991 
332 1 1.8223 6.83051 7.69934 0.790161 0.405231 -0.536924 
333 1 6.90994 0.796686 3.91121 -0.331371 -0.205401 0.522836 
334 1 7.19716 7.41906 2.25935 0.642184 0.794886 0.287774 
335 1 5.22713 7.34471 4.86645 0.576324 -0.335795 0.019379 
336 1 6.06735 7.19856 4.42277 0.177338 -0.333519 -0.395362 
337 1 5.33657 5.58325 4.35195 0.0632244 0.705166 -0.973509 
338 1 6.66635 9.02625 1.60103 -0.22514 0.327728 -0.752099 
339 1 7.81194 4.04596 5.37028 -1.21363 -0.50921 0.0129657 
340 1 6.46597 6.67659 2.67713 -1.1992 1.36683 -0.0914962 
341 1 0.512083 7.69144 6.63814 1.21798 -0.8624 0.228019 
342 1 1.86088 3.97774 9.07762 0.957687 0.335834 1.73438 
343 1 7.1432 2.45698 7.4734 -0.207274 0.282071 -1.16548 
344 1 3.90659 7.93845 4.12771 -0.725402 0.279329 -0.331213 
345 1 4.13877 3.93975 1.7059 -0.655485 0.31875 0.71237 
346 1 2.25645 5.21607 6.54882 1.54909 -1.57775 -0.295451 
347 1 4.1712 0.99948 2.89742 -0.595346 -0.0418406 -0.659642 
348 1 0.380094 6.01612 6.67897 0.00704103 -0.050565 1.32988 
349 1 2.96866 5.70224 5.25972 -0.239994 0.106806 -0.683896 
350 1 2.28208 5.33834 8.28224 -1.14849 -0.583202 1.34184 
351 1 8.30708 6.08322 0.722275 -1.14053 0.444082 0.302188 
352 1 0.923559 3.5312 5.62655 -1.17584 -0.396212 1.90949 
353 1 4.86355 3.45289 2.08618 0.0180157 0.0496013 -0.925665 
354 1 1.87469 8.88495 4.88335 -0.655756 -0.530129 -0.714353 
355 1 5.45657 2.7317 3.26429 -0.541523 -0.488154 -0.748005 
356 1 6.23082 3.51062 5.52575 2.49661 -0.0378114 -0.0112112 
357 1 8.34223 6.63245 8.56311 0.524593 -0.93203 0.586167 
358 1 5.50217 0.88913 3.90152 0.172533 0.308681 0.265718 
359 1 2.9497 5.90765 6.57252 0.421618 1.56465 0.951249 
360 1 8.59422 0.890952 3.08629 0.949075 0.907497 0.0668079 
361 1 0.484932 2.70386 0.127612 -0.793064 -0.284448 -2.0484 
362 1 9.07228 1.04437 6.49363 1.06682 0.0873355 -0.322158 
363 1 8.82835 0.144591 6.44712 0.641417 0.913615 -0.41843 
364 1 0.829121 4.13855 3.85807 0.151485 -0.559308 -1.50226 
365 1 0.935152 7.35075 5.05305 0.598502 -0.76099 -0.339969 
366 1 0.213137 2.36008 1.26698 -0.593184 -0.509621 0.0394637 
367 1 8.01564 0.747342 7.80095 -0.793326 -0.0125138 -0.693491 
368 1 8.46862 3.70362 3.17423 0.941246 1.1816 -1.01021 
369 1 0.385292 3.90698 2.27417 0.558214 0.354418 0.318383 
370 1 9.31716 1.44813 2.67879 0.297435 0.0981361 -1.19675 
371 1 6.17947 6.74435 0.0898539 -0.0998185 -0.292931 0.00744114 
372 1 3.96932 2.821 4.23356 -0.477939 0.497539 1.24564 
373 1 7.04884 1.69814 3.13941 -1.16957 1.5028 1.50923 
374 1 1.68931 5.1157 1.62651 -1.66871 -0.103555 0.56854 
375 1 7.15277 0.0354961 6.60509 0.831184 -1.10128 0.150433 
376 1 2.2272 7.68492 3.76864 0.437552 0.101308 1.24211 
377 1 0.160239 1.71912 5.99614 0.0351546 -0.11613 -0.52223 
378 1 1.90737 3.27863 5.85397 0.98698 0.665919 0.46972 
379 1 5.02766 4.81107 9.00803 -0.0426152 -0.64323 -0.786822 
380 1 8.27738 3.62102 7.94862 -1.15313 -0.98604 0.429657 
381 1 7.85193 7.92567 7.88836 -0.269205 0.955347 0.782187 
382 1 7.70628 8.54697 6.88794 0.140715 -0.0767978 -1.22595 
383 1 8.98516 8.43101 4.85831 -0.329686 0.265068 -0.0516633 
384 1 8.39617 2.72329 2.97546 -0.222704 -0.187154 -0.968028 
385 1 1.20336 7.49215 5.96061 -0.884766 -1.02679 -0.871542 
386 1 7.40055 2.92523 6.64438 0.30833 1.00243 0.155502 
387 1 2.96232 5.30352 1.87752 -0.189733 0.387535 1.11146 
388 1 7.99155 6.85443 5.39512 0.830959 -0.0239359 -0.13499 
389 1 4.00988 3.70075 2.96275 0.51468 -0.168779 0.708861 
390 1 7.9923 3.60796 6.25464 -0.758795 0.7836 -1.49976 
391 1 0.412087 1.43058 4.15416 -1.41982 0.672783 0.240083 
392 1 1.75138 8.74064 6.06699 -0.10533 -0.740418 -0.383208 
393 1 1.28123 2.32849 9.17131 0.519603 -0.534746 0.752803 
394 1 1.15241 0.544241 6.94065 0.527178 1.14411 -0.388415 
395 1 3.41052 4.32772 7.44865 0.0959949 -0.389539 1.25145 
396 1 8.96108 3.83002 0.634498 -0.922921 0.346697 -0.0831466 
397 1 7.88138 3.11175 3.65888 -0.112575 -1.09678 -1.12239 
398 1 8.8225 4.8082 8.41669 -0.280681 1.39884 0.152165 
399 1 7.98834 2.68802 7.89022 0.799911 0.302684 -1.1033 
400 1 5.81473 5.04098 7.7849 0.383084 -0.611404 -1.68352 
401 1 6.83382 5.22982 0.406108 -1.35263 -1.14676 0.628896 
402 1 5.69191 8.91387 5.06058 -1.35768 0.810356 -0.666201 
403 1 9.28298 6.79772 6.34781 0.72832 0.232088 -0.119066 
404 1 8.15134 0.660281 1.13039 -0.126349 1.13659 0.0181204 
405 1 3.45428 4.95071 0.811661 -0.594771 0.936985 -0.100471 
406 1 5.13877 1.02248 5.25045 0.605373 -1.52402 0.0460934 
407 1 0.306921 0.719397 7.7101 0.457 0.456372 -0.187461 
408 1 7.40499 8.49166 1.25142 -0.557013 2.07995 0.737501 
409 1 0.166437 6.11438 1.34308 1.18373 0.342223 1.86536 
410 1 0.126781 6.50765 3.15458 2.00175 -0.884352 0.715172 
411 1 1.09517 9.2558 0.33378 -0.642625 0.949227 0.844173 
412 1 8.10123 5.15729 0.847767 0.515299 1.18435 -0.331215 
413 1 0.757168 8.61983 1.83506 0.0725006 0.968575 1.59348 
414 1 1.65264 7.19685 2.07939 -0.268247 0.696588 0.601719 
415 1 8.72713 1.47115 5.63504 1.52163 0.0635864 -1.0601 
416 1 6.5728 6.88664 1.69276 0.291775 -0.718494 -0.650604 
417 1 9.03147 2.45266 9.15232 0.189307 0.031897 -0.814433 
418 1 5.57736 5.95155 7.62829 -2.02612 -0.52626 0.731452 
419 1 0.991541 4.96885 8.52371 0.706095 0.592822 -0.00498058 
420 1 7.39052 7.98127 5.4605 -0.782539 -0.495148 0.771322 
421 1 1.13064 4.81974 0.887505 0.413063 0.80362 0.471964 
422 1 5.32795 7.07123 3.90519 -1.11412 -0.23562 0.237574 
423 1 2.65116 1.80933 7.15325 0.554697 -1.12443 -0.0419609 
424 1 1.07815 8.9974 5.38331 -0.263205 -0.00154348 -0.967906 
425 1 0.725248 7.79098 8.90501 -0.351901 -0.252988 0.63849 
426 1 6.44747 4.35858 0.685958 -0.895635 0.264348 0.0831063 
427 1 9.23499 3.55652 1.51611 -0.0642724 -0.586448 -0.768077 
428 1 1.42481 7.22388 1.1308 -0.713698 0.809519 0.101145 
429 1 0.199254 2.15705 6.95181 -0.0253892 -0.566212 -0.550096 
430 1 6.13734 4.33729 5.08421 0.966717 1.00273 0.237883 
431 1 1.08098 8.8521 3.67332 0.38554 0.382379 0.412773 
432 1 8.52491 7.24646 4.41652 -0.752184 0.955709 0.871694 
433 1 6.17405 6.74178 7.88419 -0.650065 -0.694488 1.60809 
434 1 1.73815 0.361403 7.68003 0.33975 0.0250111 0.170476 
435 1 7.54816 3.7451 1.58251 -0.109083 -2.61467 0.150312 
436 1 8.55184 9.1714 0.129045 -0.667913 -0.34892 1.27258 
437 1 7.34294 0.191886 1.25315 -0.549049 0.18672 0.744939 
438 1 7.27936 5.87328 7.00355 1.04291 -0.852334 -0.445061 
439 1 8.94835 6.57694 7.83632 0.536816 0.2952 1.64961 
440 1 3.96643 4.74216 4.26348 -0.919973 0.824434 -0.598168 
441 1 1.87836 5.8448 3.22787 -0.00408385 0.357931 0.0611045 
442 1 9.28564 0.69948 1.61126 0.890488 0.306597 1.00864 
443 1 0.10422 3.15095 5.24586 0.258319 0.330415 0.591825 
444 1 9.06312 1.4656 7.38123 -0.226858 -0.375305 0.566172 
445 1 1.70088 6.20162 2.04228 1.70843 0.309027 0.343103 
446 1 1.78421 6.83439 8.89768 1.00453 -0.0316481 0.112067 
447 1 5.44795 3.86911 4.60242 1.28615 -1.1559 0.0329857 
448 1 1.56176 1.07349 3.23964 -1.08022 0.500058 1.06281 
449 1 8.03536 0.245135 5.24789 0.77526 -0.320253 0.145329 
450 1 2.47078 4.09812 6.00905 -0.342574 0.801763 -1.39334 
451 1 0.210771 6.02295 4.01238 0.419213 -0.661294 -0.735198 
452 1 3.21774 1.39349 5.67688 -1.24327 -1.41066 -1.29095 
453 1 1.09563 2.72912 8.27824 -0.0430211 0.970694 0.80825 
454 1 0.311016 6.17996 0.0176197 -1.07566 -1.09786 -0.290602 
455 1 4.99286 4.51775 8.11734 0.983477 0.650198 -0.371323 
456 1 5.10549 8.72208 3.27036 -0.752409 0.441672 -0.403499 
457 1 6.30258 7.21039 7.01401 -0.51169 -0.973994 2.23505 
458 1 7.29872 7.9932 8.95862 -0.121781 0.362146 -0.934933 
459 1 1.21348 3.85446 0.65089 1.4379 0.684939 0.0901939 
460 1 6.75191 4.76247 6.51779 -0.577591 1.39124 -0.550995 
461 1 5.77071 6.25796 6.35358 -0.861323 -0.855642 0.191564 
462 1 0.00611239 3.89614 3.45277 -0.649328 -0.00493963 1.042 
463 1 0.836656 6.82795 6.4965 0.903516 0.243865 -0.53174 
464 1 3.17113 3.27508 3.9062 -1.4675 1.06163 0.233978 
465 1 8.48628 7.70436 5.32868 -0.846034 0.682642 -0.609587 
466 1 4.81177 1.89856 2.81827 -1.82032 -0.0392799 1.31382 
467 1 1.87316 4.00356 7.51058 0.171735 -0.654237 -0.560532 
468 1 6.74011 4.28579 7.41108 -1.05375 1.20716 -0.686958 
469 1 0.900081 0.665406 3.82435 0.122235 0.71133 -0.795777 
470 1 1.83983 0.365204 0.716308 -0.0972417 1.71997 0.483402 
471 1 8.60503 8.17233 0.0739074 0.306258 0.953385 0.648196 
472 1 8.77371 5.78118 5.16515 -0.116644 0.110926 0.462351 
473 1 3.73019 5.64105 7.29282 0.551155 -0.973171 -0.837624 
474 1 7.90568 9.15742 6.07296 0.391347 0.0433384 -0.619066 
475 1 6.62061 7.43625 8.46075 0.186431 -0.36943 0.697656 
476 1 2.32832 3.43979 2.13725 -1.7142 -0.369465 -1.09114 
477 1 5.89191 4.51414 6.9719 0.252938 -0.0499883 1.68679 
478 1 0.370099 4.05033 7.07253 0.319037 -0.505453 1.09847 
479 1 1.41458 3.65566 8.27853 -0.182299 -0.830312 -0.240184 
480 1 4.43994 3.5991 0.392732 0.445239 -0.966722 -1.2439 
481 1 1.90196 2.01052 7.77568 -0.0985879 0.930818 0.577961 
482 1 7.26741 1.20077 1.176 0.375931 0.817386 -0.0977058 
483 1 3.13594 0.430104 4.18021 -0.123376 -0.915577 0.0478137 
484 1 7.01904 6.18459 0.0982272 0.0659901 1.89522 -1.35861 
485 1 0.838152 9.3114 7.56757 1.57675 0.82232 1.78667 
486 1 7.15424 5.64052 4.70824 0.384701 -0.312015 -0.698605 
487 1 8.99509 7.75879 6.43214 0.508474 -0.766504 -1.10653 
488 1 8.06903 3.1811 2.22631 1.10448 0.158942 -0.386622 
489 1 6.32778 3.99776 4.13794 0.286536 1.09012 1.66697 
490 1 4.33206 8.73412 3.82291 0.176959 -0.528817 -0.873563 
491 1 4.27438 7.63924 4.99105 0.183053 -0.0274316 0.993229 
492 1 5.73798 8.73128 5.99513 0.576462 -0.248415 0.952725 
493 1 6.0417 8.00433 6.5354 -0.19654 -1.10671 -1.62629 
494 1 3.32327 5.05845 8.1565 -0.648997 1.17524 0.199756 
495 1 5.93256 8.08848 8.43571 0.301915 -0.974629 -0.756425 
496 1 0.215267 3.58157 6.25315 -0.0508322 0.6182 0.731204 
497 1 1.19321 5.73671 5.30923 -0.423136 -0.20838 -1.20173 
498 1 5.7933 5.51877 0.941579 -1.26141 1.36771 0.0482761 
499 1 3.56352 5.99324 2.12205 -0.402784 -0.563723 -0.789439 
500 1 8.80398 0.0373522 4.75691 1.36625 -0.920997 1.08211 
501 1 5.79511 8.07938 4.62957 -0.0364902 0.126212 -0.835582 
502 1 6.27695 2.18398 3.34559 0.447866 0.841866 -0.857293 
503 1 6.92887 6.06743 5.51958 -0.223315 -0.846821 -0.848913 
504 1 9.01648 5.77923 8.30699 -1.31974 0.471003 0.206625 
505 1 6.48265 9.34171 5.93846 -0.790142 0.334171 0.354682 
506 1 0.512174 3.21455 0.929566 -0.399833 -0.415927 -0.0314243 
507 1 5.58156 7.42726 0.475264 1.2169 -0.144874 0.209105 
508 1 3.35333 5.83111 1.19658 0.239875 -1.12358 0.695114 
509 1 5.70342 6.63305 0.990062 0.483015 -0.739678 -0.160673 
510 1 6.37016 0.918295 5.59371 0.225416 1.61097 0.787362 
511 1 0.239375 5.92889 7.59923 -0.238978 -0.415421 0.753756 
512 1 1.94121 4.52356 0.4603 -0.829398 0.230233 0.949493 
513 1 1.9247 2.29904 0.893906 -0.848455 0.0884999 -0.432326 
514 1 2.04732 0.327949 2.87363 -0.802309 -0.490716 -0.231223 
515 1 0.788131 4.84343 5.32557 0.514474 1.10929 1.03566 
516 1 1.17772 6.24492 7.13997 -0.357287 -0.516021 0.431629 
517 1 2.43157 1.46946 6.2193 -0.199389 0.0199009 0.23464 
518 1 5.22345 5.68408 9.25559 -1.46004 -0.25306 0.162407 
519 1 8.90544 6.18847 6.98804 0.192111 0.431942 -1.17161 
520 1 0.848518 3.10685 4.67964 0.350079 -0.040026 0.286698 
521 1 6.84842 5.50021 8.86288 0.31715 0.314698 -2.04129 
522 1 1.12693 5.18601 3.45232 1.40586 -0.407719 -0.179388 
523 1 5.50886 4.62544 3.34307 -0.979944 0.30427 0.215364 
524 1 8.8611 8.88988 3.99815 1.02416 -0.752786 0.966617 
525 1 8.05111 8.65207 3.53063 0.549935 -0.17665 -1.89594 
526 1 7.99428 9.10597 4.40126 -0.455873 -1.37323 0.770194 
527 1 8.24103 1.25481 6.95436 -0.582426 -0.578225 0.137571 
528 1 7.36162 6.71669 0.813093 -1.1389 -0.378417 -0.739359 
529 1 6.55345 6.42032 4.72081 0.414869 -1.78969 -0.114472 
530 1 3.53482 6.63259 0.63505 0.409708 0.0772196 0.20623 
531 1 3.18296 4.34162 5.28878 -0.447777 -0.673167 -1.5959 
532 1 4.17343 3.94117 7.92767 -1.48024 -0.0278103 1.72427 
533 1 1.94458 7.78742 0.540214 -0.230498 0.268438 0.581918 
534 1 0.461002 1.32304 1.07421 -0.849589 1.95289 1.29768 
535 1 1.0343 9.36344 4.49728 0.35347 1.00525 0.750299 
536 1 1.497 6.25784 1.09061 -0.191415 0.466275 0.525002 
537 1 9.00291 8.64548 0.809764 0.487919 -0.104376 -0.244716 
538 1 6.38032 1.7115 5.02893 -0.561066 -0.334458 3.05135 
539 1 2.37225 4.53002 1.99378 0.859969 -0.672727 -0.947509 
540 1 4.5642 3.46726 4.60056 -0.279174 -0.557498 -0.548284 
541 1 5.67398 6.85564 2.15029 0.226663 0.473223 -1.07109 
542 1 3.09229 4.78269 2.64685 -2.08144 0.939396 0.0600123 
543 1 0.93997 3.63632 3.00217 0.258222 0.113077 0.576606 
544 1 2.52371 4.86801 1.13119 0.337636 -0.17889 0.792996 
545 1 2.9618 5.62659 8.8504 -0.14792 -0.427472 -0.365945 
546 1 0.377269 3.74251 0.146898 -1.03197 -0.568454 0.677872 
547 1 0.785385 6.5985 5.58782 -1.23797 1.98896 -0.316393 
548 1 8.42819 9.02662 7.32779 -0.630511 1.64209 1.62223 
549 1 2.41152 3.72121 8.28657 0.189734 0.009326 0.721679 
550 1 4.92053 5.32426 1.46363 0.217962 -0.95836 -1.27855 
551 1 7.07814 2.92836 5.01053 0.306896 0.291445 -1.02963 
552 1 0.0105986 2.73944 4.34419 -0.0484077 -1.22441 0.0605951 
553 1 3.24044 4.11986 3.32999 -0.251331 1.14439 0.0159832 
554 1 6.62707 5.34097 1.35426 1.66876 -0.447194 0.531588 
555 1 0.298713 5.1433 1.28216 0.0516302 -1.39329 0.513372 
556 1 6.14791 0.195593 4.11835 0.143102 -2.06252 -0.320559 
557 1 1.31774 1.31266 7.48669 0.107335 0.763856 0.536372 
558 1 4.79572 6.80739 6.45899 -0.777556 -0.0763962 0.0256586 
559 1 1.52603 6.5738 4.95188 -0.467095 1.91796 0.491833 
560 1 4.66922 1.35069 3.61724 -1.14358 1.25885 0.444303 
561 1 8.9596 8.40251 3.19107 0.194125 0.538013 -0.182629 
562 1 5.81277 7.48229 1.43694 -1.20509 0.635241 0.232498 
563 1 0.701252 0.484006 5.29157 0.278977 -0.116135 -0.257495 
564 1 0.841113 8.6613 2.74992 0.798921 -0.192647 0.419731 
565 1 2.1371 6.66302 2.78305 0.821088 0.960863 0.577677 
566 1 8.45884 3.97149 1.90072 -1.00415 -0.755933 -0.11488 
567 1 1.68648 4.96049 4.98934 -0.0551251 1.26532 0.439417 
568 1 8.32383 5.21702 5.8661 0.486923 1.03453 1.29419 
569 1 6.42665 5.79845 8.05317 -1.57458 -0.145169 -1.04579 
570 1 7.51929 2.07753 9.26749 -0.877754 -0.523197 0.0634721 
571 1 2.91049 7.50564 3.15664 0.754285 -0.589929 -0.214007 
572 1 2.38106 1.21905 2.7376 -0.632674 0.172034 -0.480678 
573 1 3.69467 7.7647 5.72372 -0.935051 -0.0412003 0.909956 
574 1 7.04545 8.38078 2.19721 0.351277 -1.00733 -0.917568 
575 1 0.437098 8.14358 3.40858 -0.227839 -0.165805 0.300323 
576 1 2.0771 1.16112 4.52508 1.71556 -0.342664 0.0272934 
577 1 8.19999 7.69052 8.75157 -0.0810576 -0.638244 0.421157 
578 1 2.87991 3.2529 6.26169 0.195524 0.346075 0.0847537 
579 1 4.12224 4.59155 3.33666 -1.54339 -0.465984 0.828503 
580 1 2.61838 5.73945 3.84645 1.04215 0.0644787 -0.36679 
581 1 1.78487 1.88132 6.83007 -0.248088 0.782775 0.238765 
582 1 5.62482 1.1014 6.13525 0.659434 0.00727415 0.410574 
583 1 8.73316 9.39094 8.16122 -0.0635411 -0.605353 0.538781 
584 1 6.24275 1.85342 6.00545 -0.809661 0.0807551 0.155092 
585 1 6.6149 7.62955 5.88608 1.22792 1.17341 -0.124534 
586 1 1.07971 2.29395 7.3513 0.401917 0.864164 0.108173 
587 1 5.80791 4.38185 2.46967 -0.629362 -0.471132 1.15237 
588 1 8.78017 3.35427 5.80176 0.192467 0.370112 -1.06006 
589 1 3.95046 3.15024 2.20399 -0.340033 0.601201 0.46531 
590 1 8.20865 2.64752 6.19438 -1.34194 0.88259 -0.293127 
591 1 4.58517 2.47623 1.90568 0.12222 0.326144 0.706825 
592 1 8.14964 1.53537 1.4742 -0.0596566 -0.511647 0.0253344 
593 1 2.32677 4.96654 3.29207 0.666364 -0.218656 1.07209 
594 1 8.36858 7.0954 6.2191 -0.126832 -0.708765 0.969724 
595 1 2.36003 2.80055 3.67045 0.422175 1.47026 -0.780435 
596 1 7.77058 4.46908 4.47795 1.29496 -1.11842 1.09546 
597 1 8.70755 3.39224 4.06842 0.522858 1.0212 1.50908 
598 1 1.7014 4.3593 4.25627 -1.2019 -0.390889 -1.07187 
599 1 2.10468 7.71186 6.17041 -0.155498 -1.0511 -1.03953 
600 1 4.01792 4.51741 2.40316 -0.965622 -1.16147 1.53537 
601 1 3.76676 2.84422 6.27158 -0.887413 1.72309 -0.724376 
602 1 9.16634 7.75272 8.80864 -0.661221 -0.879694 -0.469026 
603 1 7.11596 0.0302728 4.41279 1.3027 -0.693649 -0.542428 
604 1 1.09361 5.85387 4.38745 -0.0761461 0.781362 0.654766 
605 1 7.64433 0.82247 1.96356 0.482803 -0.0728982 0.0594464 
606 1 6.25838 2.57256 5.35568 1.67657 0.560312 0.842066 
607 1 2.6376 9.28406 1.00549 0.503423 -0.449328 -0.753295 
608 1 5.73139 3.78038 1.72866 -0.165716 0.279099 -0.0723709 
609 1 0.52436 3.04494 6.99792 1.02423 0.343601 0.651842 
610 1 5.20329 4.27287 5.47754 -0.66605 0.302128 0.889971 
611 1 4.09811 5.57309 8.2706 0.649605 -0.953971 0.142778 
612 1 8.71881 9.34949 3.16587 0.464224 0.756114 -0.830435 
613 1 5.2779 0.976254 2.96845 0.348292 0.156584 0.302975 
614 1 1.35597 7.95113 3.56923 -0.248596 0.349287 -0.885001 
615 1 8.57215 1.03538 2.15713 -0.483383 0.697398 0.192134 
616 1 7.07074 2.65632 3.43139 1.69109 -0.562178 -1.48743 
617 1 7.39791 5.77798 0.941063 0.283452 -1.46926 0.281423 
618 1 8.17515 9.07603 1.07595 -0.903652 0.551439 0.851407 
619 1 7.48805 7.0898 8.53775 -0.825469 0.490643 -0.719431 
620 1 3.2208 6.0136 8.00491 -0.360986 0.608537 -0.201059 
621 1 8.12839 0.317422 8.83049 -0.281258 -1.86882 -0.244557 
622 1 6.04011 6.3484 3.91528 0.361021 -0.936157 0.553426 
623 1 7.01305 0.206175 2.30386 -0.633674 0.221077 -0.298023 
624 1 3.9944 9.3583 5.89443 -0.131768 0.155266 0.768965 
625 1 7.85201 1.21732 5.27589 -0.460055 -0.0994823 0.188813 
626 1 4.85576 8.06258 4.31272 0.798056 -1.08757 -1.51525 
627 1 2.20985 0.523411 6.06027 1.38514 0.337687 -0.0373288 
628 1 4.82521 7.1351 1.69698 0.181682 -0.325754 -1.10726 
629 1 6.47236 3.66764 9.3762 0.985683 -1.15289 -0.326607 
630 1 6.42187 4.45256 1.64021 0.897328 -0.318607 -1.15969 
631 1 7.22898 3.83182 0.576063 0.768989 -0.531008 1.00051 
632 1 1.88703 8.77379 0.626536 -0.967264 0.109261 1.17623 
633 1 6.43202 0.14516 5.03162 -0.660681 0.407994 -1.172 
634 1 5.02062 6.00384 0.734481 0.951076 0.285354 0.7303 
635 1 3.4928 7.62415 2.42516 1.37877 -0.92674 0.960724 
636 1 1.35228 2.93716 0.527858 0.127381 -0.0800457 -0.53438 
637 1 5.26556 7.85162 2.12851 0.428781 -0.233544 -0.168398 
638 1 7.75529 2.57137 4.42892 -0.212541 -0.0878512 -0.0958374 
639 1 6.26354 7.57396 2.36763 -0.649774 -0.410787 -0.409019 
640 1 8.74196 7.14699 7.10744 0.38122 1.41181 -0.154619 
641 1 7.80654 6.9612 3.82022 -0.433806 1.23504 -0.526332 
642 1 7.13318 2.97235 1.98938 0.778632 -0.515937 2.23322 
643 1 5.72237 6.17612 8.60758 0.753724 0.325259 0.0179016 
644 1 2.36507 2.06792 4.2819 1.55935 0.756559 -1.19701 
645 1 8.18089 5.49737 8.57396 -0.266687 0.131518 -0.509962 
646 1 7.40478 5.40835 6.13453 -0.731352 -0.540109 -0.278422 
647 1 4.29073 3.12801 1.25049 0.573833 -1.64159 0.300166 
648 1 3.81318 7.22678 3.26715 0.238132 -0.860646 -0.0873652 
649 1 6.42399 2.96511 2.7914 -0.0635811 0.737991 -0.250559 
650 1 6.61577 5.2559 7.30388 -0.89731 0.0203772 -0.98322 
651 1 0.290651 3.14268 8.68665 -0.247924 -0.120018 1.4473 
652 1 1.49517 5.91932 8.54527 -2.17096 -0.934482 0.580032 
653 1 4.1707 4.33798 6.83894 -0.0954868 -0.504108 0.115467 
654 1 6.51902 5.68077 6.2933 0.31155 0.840527 -1.80497 
655 1 6.8279 4.75031 4.57783 0.315756 -0.771166 -0.369228 
656 1 8.84879 0.980026 8.20823 -0.343498 -0.648493 0.00802748 
657 1 5.811 2.31305 4.51194 -0.0806698 0.500618 0.801336 
658 1 1.24153 1.71607 1.56111 -0.561348 -0.523085 0.895107 
659 1 4.21013 8.51398 5.47297 -0.527702 1.31418 1.56776 
660 1 1.13732 8.25382 0.262432 1.25078 -0.166667 0.214856 
661 1 4.79569 5.12461 3.75211 0.462293 0.179441 0.330307 
662 1 8.68559 7.52625 1.64467 1.36216 -0.720968 -1.22129 
663 1 0.165288 8.21628 0.158851 -0.483799 0.136001 -0.262993 
664 1 5.61805 5.11723 5.17162 -0.54328 -0.462055 0.266203 
665 1 0.672307 0.963642 2.92907 -0.456579 1.04078 0.692074 
666 1 4.68832 9.14443 6.56168 -0.52645 0.817039 -0.844679 
667 1 9.05496 1.93676 8.24376 1.6625 -0.572392 0.54791 
668 1 8.2346 1.70941 7.84194 1.21027 -0.0429805 0.425282 
669 1 0.592966 4.09912 8.6389 -0.4142 -0.71698 0.488574 
670 1 9.22247 2.3881 2.60139 0.0295085 -1.77439 0.874349 
671 1 7.38479 1.76071 1.95968 0.0106159 -0.0332463 0.556604 
672 1 2.8758 4.29913 0.421138 -0.389533 0.0385477 0.258642 
673 1 6.10171 0.477172 2.49297 -0.0698639 0.772602 0.870954 
674 1 0.334686 7.10848 2.4004 0.936461 -1.5576 0.670029 
675 1 4.82331 5.01289 2.74075 -0.505743 -1.00032 -0.135029 
676 1 9.05149 7.61376 0.732676 0.363622 0.569775 -0.349389 
677 1 3.51219 1.94817 4.95214 0.555957 -0.108422 -0.976714 
678 1 4.88859 4.04408 2.88487 -1.05886 -1.81549 0.122347 
679 1 1.01281 6.19175 3.49102 0.318469 0.716983 -0.240171 
680 1 2.40948 4.1348 2.81423 -0.419193 -0.560158 -0.412488 
681 1 3.14949 7.70749 1.53732 0.217363 0.215738 -0.0346536 
682 1 5.00363 5.06755 0.538159 0.51786 0.0180204 0.176565 
683 1 1.02899 8.98059 6.69922 0.990939 -1.36761 -0.281071 
684 1 0.343752 4.84084 0.36377 -0.274427 -0.316804 -0.075974 
685 1 8.6086 2.41299 3.95915 -1.54299 -0.97058 0.423315 
686 1 3.0957 4.25283 4.29189 -0.914222 -0.804769 0.183785 
687 1 2.24109 6.75147 1.40698 0.785401 0.471909 0.0479508 
688 1 8.25075 8.08792 0.989351 -0.136597 -0.536588 -0.329531 
689 1 0.265482 8.32392 8.21355 0.857137 1.04205 0.456149 
690 1 7.44433 7.27228 6.11792 -0.245202 -0.385678 -0.106833 
691 1 0.948739 5.44164 9.30128 -0.161055 -0.00787688 -0.672561 
692 1 8.09412 1.67425 4.44592 -0.653463 0.0810897 0.150349 
693 1 8.51684 8.08533 7.20732 -0.847024 -0.10841 0.561683 
694 1 6.37851 6.21491 7.10967 0.0166863 0.25885 -0.682914 
695 1 0.264226 7.44461 5.75043 -0.27529 0.0569185 -1.95855 
696 1 8.82392 6.86823 2.44171 -0.874415 0.785976 0.983426 
697 1 1.68862 0.162193 3.75006 0.235994 -1.13799 -0.292817 
698 1 9.30199 0.483998 2.55777 0.380009 1.22003 0.230532 
699 1 3.70605 4.02289 0.839684 0.0851057 0.860833 -0.0308471 
700 1 0.449801 2.22695 5.10071 -0.963909 -0.277526 1.42652 
701 1 9.33863 7.48964 4.8641 -0.246225 0.768979 0.445823 
702 1 6.7171 1.20577 2.36213 -0.578957 0.860467 0.228854 
703 1 8.19411 2.71332 0.277955 -0.275737 -0.317142 -0.0998542 
704 1 2.07339 1.29549 1.78968 -1.49628 -0.402212 -0.362653 
705 1 1.69964 6.69677 5.89961 -0.406915 -0.11003 -0.415367 
706 1 7.71923 4.52506 6.20058 -0.639779 -1.04933 0.710455 
707 1 5.18379 6.73898 8.03269 -0.589484 -0.533346 0.381467 
708 1 8.08573 8.59728 5.23663 -1.38852 -0.067294 -0.0197657 
709 1 6.65168 3.57719 1.30091 -1.58318 -0.788539 -0.269818 
710 1 0.544035 5.87922 8.51974 -0.0407792 0.397373 -0.206164 
711 1 9.11634 8.77267 8.87221 -0.679536 0.534896 -0.048959 
712 1 7.67812 0.165529 3.60366 0.494415 -0.140801 0.893 
713 1 8.90731 3.40226 9.17361 -0.436815 1.03342 0.0976747 
714 1 0.193 6.51653 4.84594 -0.175958 -0.357651 -0.811062 
715 1 8.57239 0.0998716 1.9023 -0.57136 -0.434323 -0.184818 
716 1 4.98457 5.82073 5.17868 0.211807 -1.89897 -0.857918 
717 1 4.59703 5.05548 5.60271 -0.216617 0.638978 1.34421 
718 1 3.27037 5.04546 3.58371 0.450716 -0.526926 0.447042 
719 1 6.63733 6.50357 8.68705 0.407058 0.166441 0.6363 
720 1 0.315687 5.56664 4.89912 -1.66622 0.659565 0.0291636 
721 1 0.127943 3.71632 4.42451 -0.748441 0.656957 -0.431052 
722 1 7.19653 3.89304 6.68061 0.0833781 0.680603 -0.211452 
723 1 2.16755 2.72121 7.20029 -0.101365 0.00662905 0.314347 
724 1 7.92326 3.10052 5.41829 0.528273 -0.323481 -0.497972 
725 1 5.13266 6.23023 1.63955 -0.201571 0.635047 0.666638 
726 1 2.46949 8.35981 9.34061 -1.52159 -0.376037 0.687592 
727 1 8.94367 4.73099 0.85084 -0.0826877 -0.704284 -0.833702 
728 1 2.64845 6.21298 2.11738 -0.198449 1.25821 1.44943 
729 1 2.54207 6.77452 3.64858 -0.150059 0.573888 -1.09003 
730 1 1.6627 2.68472 4.38192 0.602882 -0.723545 -0.912178 
731 1 7.56465 2.40212 2.63848 -0.740211 -0.179062 2.27881 
732 1 0.543946 8.21284 5.08373 0.109767 0.75868 0.0536075 
733 1 6.55819 0.642225 1.59038 0.833509 0.123024 -0.460989 
734 1 8.49191 4.73362 6.73537 1.58806 0.231366 1.17252 
735 1 2.93576 6.34717 4.50663 -1.20793 -1.21853 -1.07228 
736 1 5.76726 5.12885 1.85413 -0.737636 -0.62899 0.391237 
737 1 5.45059 8.86046 4.14531 -0.388219 -0.739491 0.441312 
738 1 0.626571 7.69426 4.22448 0.16372 -0.138894 0.0150468 
739 1 0.670341 2.0807 2.23508 -0.322104 -0.671676 1.08567 
740 1 1.58214 4.31122 3.29754 -0.321952 -0.255551 0.00959548 
741 1 4.0263 5.66325 3.66646 -1.11942 -1.30471 -0.514116 
742 1 3.50723 6.98593 5.02116 -0.682451 -0.32895 0.520172 
743 1 5.73299 4.73103 4.26803 -0.237094 -0.500434 0.319333 
744 1 3.91921 5.19632 1.69611 0.949626 0.928835 0.625551 
745 1 4.1097 6.88573 5.78209 -1.50919 -1.05919 -1.00848 
746 1 3.93663 2.79704 5.21504 -1.43178 0.345255 -0.926415 
747 1 2.1735 7.73065 1.48051 1.12649 0.426419 0.983554 
748 1 0.392232 2.96961 2.02394 0.767093 0.486522 0.350449 
749 1 5.30916 2.95731 1.39521 -0.665181 0.496949 0.59579 
750 1 8.77459 1.94967 6.52915 -1.11005 0.849851 -0.412366 
751 1 5.92427 5.22928 8.7041 0.150735 1.92623 0.787339 
752 1 3.85063 5.3579 2.79169 -0.0302469 -0.254181 -0.255436 
753 1 1.99707 6.81278 0.448798 0.120528 1.23595 -1.32112 
754 1 2.51923 7.17467 4.55756 1.53731 -1.24539 0.837497 
755 1 3.74979 5.09677 5.1412 -1.28756 -0.321058 1.78441 
756 1 0.228739 9.1399 3.36605 -1.15557 0.0759694 -0.961248 
757 1 0.538222 0.82188 6.13619 -0.443732 -0.395312 0.27545 
758 1 7.25413 0.530746 5.73702 0.313867 0.689123 -0.252751 
759 1 0.512327 1.2617 6.94995 0.622755 -1.276 -0.176413 
760 1 8.5293 5.04178 9.37803 0.0960732 -0.887507 0.45892 
761 1 6.20966 3.20863 4.64051 0.515641 0.893225 0.183327 
762 1 1.60068 8.2026 2.15925 -0.807437 0.821407 1.15722 
763 1 2.0036 7.66596 2.8489 0.531934 -0.487064 0.682167 
764 1 3.11202 2.73701 7.02782 0.301144 0.314219 -0.0399986 
765 1 7.44966 2.99564 0.957252 -0.242702 0.273123 -0.304621 
766 1 8.85708 2.72682 1.78898 1.15409 -1.09364 -0.134127 
767 1 4.56675 6.66571 4.96071 0.383121 0.762702 0.290741 
768 1 2.0372 8.64745 3.94391 0.404952 -0.250849 0.212897 
769 1 0.0677326 6.01575 5.75969 -0.326954 -1.04407 -1.68359 
770 1 5.65807 0.303162 5.57066 -1.25179 0.478302 -0.687322 
771 1 7.85443 7.57887 0.250363 0.850193 -0.56248 -0.98759 
772 1 2.06087 0.3142 1.69572 0.193732 -0.910521 0.456443 
773 1 4.17631 4.22377 5.09917 -1.2944 -0.509868 0.920771 
774 1 1.84787 6.32877 4.08465 1.55306 0.813406 -0.227407 
775 1 9.10826 3.35724 7.47048 0.288207 0.630526 1.12714 
776 1 2.00868 2.89897 8.13039 0.121262 1.51887 -0.208647 
777 1 7.25292 0.781747 3.01356 -0.687605 -0.00815168 1.33593 
778 1 0.350852 8.65316 4.24459 -0.0974657 1.37831 -0.593311 
779 1 8.80836 5.49987 1.4587 0.255098 0.476986 0.126343 
780 1 8.58991 7.81482 2.54239 1.29035 -0.0237983 1.34709 
781 1 8.65681 8.53898 1.7499 -0.923827 -0.0158416 0.341737 
782 1 8.84623 0.520369 7.33348 0.28594 0.345468 -2.14283 
783 1 8.22921 8.16831 4.35598 -0.818425 0.727907 -0.847814 
784 1 6.62649 3.8757 8.38937 0.439622 -1.0553 0.132886 
785 1 8.64484 6.73778 3.45334 -1.41261 -0.513205 0.92165 
786 1 0.976571 1.48535 5.54096 0.653371 0.872186 1.06887 
787 1 3.66863 3.90548 9.27321 -0.241288 0.829073 1.99199 
788 1 3.63649 8.19796 3.23704 -0.102304 -0.423544 -0.692987 
789 1 6.25388 1.05552 3.25173 0.526642 0.140077 0.139594 
790 1 2.61963 7.19985 2.16991 0.188359 -0.822191 -0.202665 
791 1 7.20713 1.65311 4.09743 1.10072 -1.05592 -0.652985 
792 1 9.28028 6.68331 8.7235 -0.0345028 -0.603714 -0.561748 
793 1 1.99829 6.12469 6.70226 1.01338 1.16089 -1.55336 
794 1 0.904206 4.56692 1.79828 -0.978122 0.573424 1.48068 
795 1 3.28864 9.07443 2.86978 -1.5593 0.251542 -0.790556 
796 1 7.3518 5.46704 7.93458 0.663897 0.619509 1.18645 
797 1 0.784048 8.34442 7.39671 0.0952637 -0.6059 -1.39822 
798 1 1.21363 8.32526 8.26492 0.772587 0.586787 1.05096 
799 1 8.96553 1.95312 4.76599 0.874653 0.00303389 -1.50476 
800 1 7.50625 4.91597 7.07145 0.103585 1.55353 0.109778 
801 2 8.72662 6.49584 1.54529 -1.50147 1.37298 0.351559 
802 2 5.02106 4.15767 7.2497 0.904534 0.716954 -0.250119 
803 2 9.39785 5.30033 9.02963 -1.92582 -0.950936 -0.565659 
804 2 7.27325 4.65139 1.10707 0.13781 0.549994 0.0867888 
805 2 8.8731 5.33402 7.42973 -0.773785 -0.848911 -0.14017 
806 2 7.65542 2.04145 0.815436 0.474273 0.249805 -0.0797815 
807 2 8.0912 3.65954 0.225325 -1.45401 -0.883618 -0.9109 
808 2 8.97687 5.34752 4.3086 0.636433 -1.11198 -0.903532 
809 2 7.975 6.95243 7.74364 0.477018 -0.167114 1.22025 
810 2 8.93588 6.81435 5.44703 1.44412 -0.40837 1.36741 
811 2 4.63223 3.31745 3.60212 0.677315 -0.96385 0.844921 
812 2 6.52755 6.20495 0.89754 0.379353 -0.449304 0.317504 
813 2 8.25798 2.23134 8.6974 -0.15014 0.101122 1.24533 
814 2 8.03541 8.01675 6.14489 -0.307148 -0.178189 0.280311 
815 2 4.28514 5.43015 9.20347 -0.989668 0.413478 0.105925 
816 2 2.14576 5.9853 9.25723 0.184732 0.44916 1.35888 
817 2 1.76366 8.70868 3.02026 -0.643592 -0.0783414 0.723642 
818 2 5.24632 6.62253 9.39477 -0.215367 -0.699726 1.03923 
819 2 6.63244 2.17396 2.35608 -1.27425 0.287723 -0.493468 
820 2 0.909108 6.5507 7.95862 0.353302 0.218084 0.981961 
821 2 5.34382 5.49749 6.00566 1.11084 -1.23542 1.23909 
822 2 3.46217 5.75868 0.241955 0.0778855 0.936992 0.431334 
823 2 5.2278 4.16037 0.277754 -0.0273501 -0.288959 -0.44737 
824 2 1.6334 0.41861 9.11702 -0.192863 -1.20435 0.267488 
825 2 8.86556 1.37992 3.95306 0.15418 0.730642 0.288788 
826 2 6.3085 3.88383 6.38273 -0.652769 0.262223 -0.115505 
827 2 0.952465 1.93403 6.42225 -0.699006 -0.446073 -0.197486 
828 2 6.54769 2.92088 0.620182 -1.09421 0.140312 -0.845048 
829 2 8.6342 2.86879 4.86323 0.144917 0.0778823 -0.904412 
830 2 6.14467 8.19209 0.829891 -1.04723 -0.393986 -0.359521 
831 2 6.06834 6.05752 1.74154 0.621187 -0.85908 1.41832 
832 2 4.46675 7.49525 2.56634 0.912749 0.533455 0.282768 
833 2 0.295174 5.56168 3.14512 -0.638414 -0.269798 -0.996245 
834 2 7.94671 6.96921 1.85977 0.658897 0.917487 -0.142935 
835 2 9.15019 4.34424 9.19204 0.280452 1.43118 -0.82919 
836 2 0.833518 4.37318 6.14698 -0.0495248 -0.229714 -0.654127 
837 2 1.11056 0.77805 8.26468 0.352068 -1.60098 -0.985886 
838 2 2.13548 1.89681 3.35524 1.62356 -0.139193 -0.447521 
839 2 5.86566 4.8988 0.185676 -0.0616293 -0.0485283 0.169295 
840 2 0.0900409 0.848511 0.307596 -0.2659 0.545806 -0.362576 
841 2 3.26102 6.44945 5.81791 0.22114 0.780201 0.593494 
842 2 7.70952 9.05429 1.94386 0.756788 -0.753621 -0.375808 
843 2 2.8171 8.83419 4.61507 -0.385791 -0.714452 -0.450102 
844 2 4.96929 4.4483 1.94019 -1.73212 0.511414 -0.111709 
845 2 7.05357 3.32888 4.10773 0.36728 0.39154 1.16944 
846 2 3.85131 4.58744 5.96319 -0.913083 -0.795422 -1.37966 
847 2 0.174494 0.522505 4.47394 -0.444087 0.64311 -0.962289 
848 2 4.88146 7.45958 5.74839 1.47059 0.961249 0.443485 
849 2 9.39203 7.83331 7.40622 -0.869181 0.186 -0.0750138 
850 2 7.88279 6.60093 0.0102653 0.0976402 0.656104 -0.938564 
851 2 7.48344 4.17799 8.03257 0.0395958 0.473604 1.06839 
852 2 3.30348 4.04038 6.51974 -1.44817 0.362799 0.0557516 
853 2 1.60325 7.01157 3.48126 -0.496649 0.444758 1.16856 
854 2 6.30516 7.73619 9.32359 1.67001 0.0952117 0.474331 
855 2 5.53458 3.70738 3.57459 -0.594596 -0.159745 -0.0989085 
856 2 8.94924 0.235279 0.860752 0.313956 -0.171748 -0.459525 
857 2 2.53205 6.79584 6.31776 -0.525785 -0.22905 -0.741241 
858 2 0.353921 5.0737 7.06233 0.264304 0.854813 -0.745817 
859 2 1.10788 3.36069 9.1166 -0.185655 0.446256 -1.2069 
860 2 6.17224 7.23466 3.43432 -0.0272144 -0.508905 0.525454 
861 2 3.16703 0.454518 5.9209 -0.433621 -0.613283 0.50293 
862 2 4.79901 6.27592 4.05325 0.401871 -0.263511 0.475306 
863 2 9.12121 3.85663 8.3321 0.00675829 1.86783 -0.845215 
864 2 5.31955 3.01654 4.17251 0.208964 -0.805527 0.0707673 
865 2 7.81956 2.11878 3.54468 -0.325985 -0.224469 -0.791109 
866 2 6.48392 8.50907 5.41395 -0.385147 -0.0955474 -0.0530944 
867 2 7.04833 7.13569 9.37757 1.07465 -0.456377 -0.671422 
868 2 8.40751 2.02925 2.25717 -0.587053 -0.293041 -0.903377 
869 2 5.7916 8.2443 2.82217 0.693042 0.0717212 -0.633814 
870 2 3.73115 0.99075 4.83766 -1.82498 -1.06897 -0.129008 
871 2 2.69533 9.02745 6.26817 -2.43034 -0.143185 0.233144 
872 2 4.80101 1.56877 5.99038 -1.25696 -1.19792 -0.354752 
873 2 8.04136 6.52543 6.92151 0.17491 -0.137778 -0.214331 
874 2 8.67676 7.12314 9.36693 -0.0260621 -1.29108 -0.569613 
875 2 2.61893 5.03392 4.58783 -0.00151544 -0.979224 -0.33796 
876 2 3.62584 5.54951 5.98396 0.87798 -0.640981 -1.55278 
877 2 5.9802 5.98264 5.43402 0.806661 1.25529 0.00446863 
878 2 7.39074 1.02006 6.55576 0.885911 0.0661099 -0.532865 
879 2 0.330542 9.24888 6.00159 0.489263 0.664679 -0.480083 
880 2 9.34951 4.53521 6.36938 -1.27303 1.14372 -0.655746 
881 2 8.14415 2.16663 5.30349 0.597109 -1.34239 -0.815508 
882 2 1.63633 8.78544 7.51518 -0.0546409 -0.0896043 0.345831 
883 2 1.93961 7.36647 5.28236 -1.21863 -0.257586 -0.478628 
884 2 4.84161 0.550213 6.04974 0.306206 0.536702 0.679248 
885 2 0.129635 9.22915 0.218457 0.913635 -0.333321 -0.121485 
886 2 4.44267 1.63383 5.10065 -1.11059 -0.573462 -0.256676 
887 2 7.40468 1.48777 7.41378 0.0149903 -0.0562241 -0.0444912 
888 2 2.40162 3.35188 4.45458 -0.511653 1.02882 1.115 
889 2 7.20808 3.05103 8.38937 -0.14412 -0.358927 1.32614 
890 2 8.71331 6.03909 9.23191 1.43945 -0.354993 -0.157715 
891 2 8.54788 0.455606 3.95414 1.12631 -0.985718 -1.46359 
892 2 6.70745 7.8426 1.51439 0.0045565 -1.44048 0.690432 
893 2 1.93118 5.89288 7.61614 0.315928 0.394272 0.672291 
894 2 5.58627 7.97065 3.70701 0.329469 -0.489186 -1.14878 
895 2 2.10503 5.81 4.83541 -0.468111 -0.659634 0.174325 
896 2 3.26714 2.2466 3.94693 -0.179588 0.0824694 -0.27177 
897 2 4.68784 6.23526 8.68385 0.616392 0.157828 1.07181 
898 2 5.94923 4.72769 5.99859 0.488597 -1.56491 0.248947 
899 2 3.34337 6.30903 3.58673 0.0135159 -0.234998 -0.02342 
900 2 4.8586 0.171271 3.80233 0.0755745 -0.273857 1.31801 
901 2 3.87396 6.31732 6.59461 0.0930617 0.594898 -0.358985 
902 2 0.573438 5.27889 6.12893 -1.00748 -0.252744 0.358812 
903 2 0.991689 3.62224 1.61281 0.325362 0.552723 0.455993 
904 2 7.52848 4.84156 8.69532 1.0905 1.1293 0.409516 
905 2 7.28097 1.96266 4.97481 0.14921 0.462793 0.158396 
906 2 5.5683 6.49382 3.104 -1.29039 -0.715728 0.430275 
907 2 1.10394 4.47362 9.34702 0.076022 -0.253198 -0.594943 
908 2 8.71423 8.41089 8.08215 0.156997 -0.702167 0.280525 
909 2 1.23625 0.762611 1.39477 0.487909 -0.0210303 -0.193884 
910 2 1.46733 1.14819 6.29256 -0.246357 -0.807567 -0.0519946 
911 2 6.57416 3.73018 2.24645 0.311494 0.408984 -0.968329 
912 2 2.59632 4.60101 8.8714 0.383766 -0.714297 -0.551672 
913 2 1.65287 0.351907 5.16342 -0.836668 0.824958 0.0262154 
914 2 3.29534 8.69832 5.56174 1.67916 0.262748 0.684483 
915 2 5.66082 5.5702 3.44659 -0.449842 0.158966 0.541494 
916 2 8.34737 3.25988 1.16106 0.355321 0.166011 -0.0546816 
917 2 7.09768 8.5776 6.14094 -0.118157 -0.448268 -0.691205 
918 2 2.38532 3.92197 3.72046 0.170247 -0.342071 -1.16948 
919 2 9.20094 2.97845 3.37678 -0.45276 -0.59512 0.809997 
920 2 3.88767 8.50794 6.36771 0.517646 -0.0492544 1.50944 
921 2 2.82418 2.83051 8.7196 0.360957 0.628399 -0.465881 
922 2 8.35674 7.69832 3.50456 -1.31548 -0.0710909 0.763602 
923 2 2.25967 8.40775 6.86562 -1.12037 -0.43129 0.32811 
924 2 9.27712 8.94125 2.45753 -0.240213 0.0777119 0.305068 
925 2 6.13586 5.81178 0.0609202 -0.461119 1.06119 -0.22962 
926 2 8.6081 4.29456 5.84066 1.20039 0.946539 -0.682228 
927 2 1.28049 6.28659 0.129427 0.889934 0.46824 -1.37545 
928 2 0.170525 4.82791 3.75805 -0.223908 -0.58654 -0.878354 
929 2 1.0145 4.4697 7.67428 -0.0649528 0.049585 0.111631 
930 2 1.66784 8.81093 9.09258 1.10954 -0.41902 -0.267072 
931 2 0.93063 4.07118 4.81789 0.490573 -0.385385 -0.536479 
932 2 1.24266 2.6728 5.42502 0.276036 -0.541771 0.977237 
933 2 3.81996 2.2457 2.46871 0.762524 -0.723983 -0.163688 
934 2 4.86273 4.7691 4.69876 0.698849 0.0805165 -0.214571 
935 2 0.206526 9.11366 5.07178 -0.219517 1.2674 -1.56113 
936 2 3.8919 6.40244 4.32789 -0.324716 1.32253 -0.676063 
937 2 3.89699 1.85028 3.31351 1.71554 -1.5283 -0.256843 
938 2 9.11907 6.60708 0.646688 -1.70844 0.487798 0.265951 
939 2 1.75347 5.48567 0.597712 -0.122169 -0.295491 2.161 
940 2 5.47063 1.80383 3.55868 0.946445 -1.02221 -1.57266 
941 2 6.23628 5.5402 4.55479 0.346431 0.473831 0.0935552 
942 2 1.36518 8.20598 1.20495 1.13929 -0.650636 1.45381 
943 2 1.5647 1.91192 4.90592 -0.401636 -0.037507 0.997412 
944 2 7.42139 1.99602 8.28979 0.199654 -1.77541 -0.461879 
945 2 2.44779 9.03629 2.40347 0.513462 -0.587835 0.685248 
946 2 5.24004 6.5932 5.63476 0.0266433 -0.15885 -0.990545 
947 2 6.38755 8.94337 2.59597 0.15196 1.51088 -0.702645 
948 2 9.21991 7.44936 3.15947 -0.225168 0.827816 -1.36937 
949 2 6.86981 2.31032 1.35552 -0.413042 -0.228968 -0.146291 
950 2 1.66961 4.4247 6.6222 -0.398377 -0.54094 0.555566 
951 2 0.920932 4.93872 4.3746 -1.36392 0.306659 0.508676 
952 2 2.18729 2.66072 5.18526 0.345413 0.558202 -1.55888 
953 2 5.77965 7.85674 5.56938 -0.719803 -0.754142 1.61398 
954 2 1.00625 7.36913 7.37605 1.25989 0.821241 0.113647 
955 2 7.88372 3.51376 4.56295 0.0158903 -0.282704 -0.818972 
956 2 1.3003 7.37756 8.27187 -0.357417 -0.76294 -0.429545 
957 2 7.8393 7.49206 6.96475 -1.46947 0.217066 -0.010796 
958 2 2.3893 6.31467 8.36298 0.321133 -2.36305 0.153264 
959 2 2.4489 4.95102 5.58445 1.11943 1.39953 -0.0598699 
960 2 7.85071 5.89313 5.37112 -0.279352 0.286961 -0.00731649 
961 2 5.06892 5.45775 8.28331 -0.589434 0.47625 -0.789708 
962 2 6.52079 2.816 6.25179 -0.244796 -0.47225 0.71607 
963 2 1.58765 1.77806 2.51943 -0.795919 0.797479 -0.747161 
964 2 7.01792 6.21089 3.87971 -0.530833 -0.929931 -0.268556 
965 2 4.13075 4.66812 8.59612 -0.522256 -0.0397553 -0.0878755 
966 2 7.76498 8.59048 0.311573 0.185376 -0.15745 1.04239 
967 2 4.88953 8.29896 6.16908 0.723212 -0.273787 0.608812 
968 2 2.31435 4.18858 4.95703 1.07416 0.493847 -0.471988 
969 2 4.98189 5.94147 6.7864 0.640048 -1.22252 0.712059 
970 2 7.88667 1.1616 3.63563 0.352385 0.24207 0.625882 
971 2 0.127415 4.09978 5.47442 1.34664 -0.757564 0.517037 
972 2 1.71943 4.20918 1.36777 1.40426 -0.363918 -0.683652 
973 2 8.11976 8.68653 8.79125 -0.00786542 0.936131 -1.90725 
974 2 0.284085 9.35576 8.3273 -0.466359 0.458986 0.43243 
975 2 3.05384 2.8398 2.2298 0.379027 0.764826 -0.131489 
976 2 4.75206 2.49566 5.65099 0.139003 -0.36248 1.1193 
977 2 1.20111 5.98259 6.2056 0.0215449 -0.186317 -1.99929 
978 2 6.21964 3.06133 3.72235 -0.143352 -0.429493 0.89183 
979 2 3.33218 7.17648 4.07878 1.45384 0.0250168 -0.0859468 
980 2 9.37745 1.92243 0.45912 -0.177454 0.275802 -1.48034 
981 2 0.24578 6.83668 7.24818 -1.26416 0.234915 -0.157625 
982 2 1.09213 0.140179 2.99713 -0.437662 -0.0662656 -0.929633 
983 2 6.59403 6.69768 6.15622 1.3923 -0.108085 -1.02701 
984 2 5.0572 4.67959 6.42129 -0.334186 0.0522542 -0.88969 
985 2 4.40046 4.61599 1.11896 -0.561684 -0.00473825 -1.0908 
986 2 3.44242 4.86938 9.22455 0.259993 0.612194 -0.719507 
987 2 7.59086 6.48417 4.62512 0.411722 -0.838013 -0.98426 
988 2 1.43165 0.795884 2.32389 1.15511 -0.540403 0.505924 
989 2 4.67672 8.94451 4.69791 0.161987 0.599447 0.592542 
990 2 3.34735 1.37918 2.57507 0.54547 -1.12143 -0.414561 
991 2 4.94895 3.83546 1.17149 0.19706 -1.07919 0.949534 
992 2 4.00701 0.147524 3.34621 0.47325 0.675084 0.689363 
993 2 1.81739 3.24913 1.34487 0.160397 1.84336 1.60014 
994 2 0.619594 7.68121 0.836889 -0.704643 0.737733 -0.212359 
995 2 2.11552 8.71528 1.56486 -0.726234 1.71359 -0.899446 
996 2 5.83518 3.60476 0.784563 -1.08345 -0.951022 -1.22788 
997 2 3.54554 3.55383 4.77068 -1.36068 0.472795 1.89295 
998 2 3.07939 2.51056 5.639 -0.333525 0.681868 0.496891 
999 2 0.22246 5.02766 7.99947 0.343082 -0.964307 1.03371 
1000 2 0.6215 4.54326 2.95216 -1.31051 0.236295 -0.194665 
