1 1 1.76054 1.9523 1.23625 0.929276 -1.13563 0.692124 
2 1 8.27597 7.75942 5.56727 -1.41824 1.3905 0.188444 
3 1 1.56485 9.0898 3.1455 0.632417 -1.62137 -0.708261 
4 1 8.73987 4.45305 5.88345 0.32492 0.533306 0.172908 
5 1 9.1329 2.6034 0.564388 1.23406 0.169471 -0.568321 
6 1 2.85345 8.00797 3.482 -0.998044 0.646379 0.48268 
7 1 2.99486 2.19535 7.08322 0.602324 0.882541 -0.330446 
8 1 2.15542 1.73947 7.471 0.0398649 -0.74869 -1.19928 
9 1 1.64611 8.13183 2.97675 -1.19371 -0.313972 1.01932 
10 1 3.44262 8.43711 4.62008 0.629788 0.652862 -0.414443 
11 1 7.35236 6.25723 2.78665 0.651321 -0.0595833 -0.197843 
12 1 7.70578 4.67941 4.26596 -0.429842 -0.896892 -0.239261 
13 1 4.24933 7.2396 0.945608 0.22694 -0.568602 0.882549 
14 1 0.805457 0.588307 4.64591 -0.311564 0.255546 0.995391 
15 1 0.133301 9.23695 2.50756 -0.079012 -1.44403 0.839408 
16 1 2.96478 5.9273 5.10209 -0.15054 0.0883408 1.00444 
17 1 9.03397 9.28715 0.650691 -0.0986104 -1.91517 -1.30441 
18 1 0.304093 9.25107 9.37435 0.453147 -0.149019 -1.32865 
19 1 1.02104 8.48608 3.62117 0.39691 1.00147 0.229389 
20 1 2.45906 0.692504 0.369327 -0.0253376 1.65514 0.0413306 
21 1 5.53367 5.77315 0.21846 -0.703484 0.953762 1.70577 
22 1 8.0682 5.66736 2.50575 -1.10027 1.34397 1.0102 
23 1 4.18182 1.22271 1.46534 -0.880684 0.969994 -1.09436 
24 1 7.27987 3.86096 7.33699 -0.464988 -0.618153 1.51717 
25 1 4.84189 8.34356 5.49008 -0.0138141 -0.534453 -0.685422 
26 1 9.35205 2.38565 8.4297 -0.939984 0.0690419 -0.727616 
27 1 0.893243 4.29729 5.44139 -0.974279 1.01026 1.5177 
28 1 0.704256 0.0859855 6.44918 0.122636 0.393621 0.0920241 
29 1 0.341721 4.48999 8.98089 -0.156815 0.617612 -0.572353 
30 1 1.31217 2.31425 7.46723 0.275083 0.0525668 1.54654 
31 1 6.80028 1.06482 4.05976 0.257638 1.94563 1.16405 
32 1 2.25611 8.53619 5.77511 -0.0283347 -0.370799 0.840104 
33 1 4.08101 7.35099 7.09079 0.101217 0.4886 -2.22017 
34 1 6.21091 5.4677 6.83299 0.246595 -1.07506 -0.745852 
35 1 2.49785 9.31485 8.55002 0.544206 0.61438 0.261 
36 1 2.58577 0.605865 7.77252 -0.453464 -0.641379 0.385054 
37 1 5.90566 7.01334 3.42668 -0.0711167 -0.122677 0.444895 
38 1 8.87119 1.77315 7.76428 -0.0984144 1.02325 -1.2986 
39 1 5.13873 6.08728 7.95428 -0.734032 -0.418825 0.614911 
40 1 1.96113 3.16907 0.369605 0.37301 0.0687107 0.0715965 
41 1 0.236251 8.63031 4.96228 -0.149371 0.846319 0.329889 
42 1 5.37704 6.58805 1.90259 1.37337 -0.478134 -0.786708 
43 1 9.04564 3.01328 2.52901 0.0857513 -0.679317 -0.346079 
44 1 4.35008 5.77191 7.52083 -0.618453 -0.0294763 -0.997859 
45 1 5.71058 1.73114 0.423592 -0.295916 -0.181424 0.158189 
46 1 0.347545 2.21691 4.00097 -0.339793 0.306107 -0.17863 
47 1 3.078 6.07588 9.33074 0.577718 1.34956 0.148452 
48 1 6.43911 2.66618 3.2625 0.479409 -1.57831 0.60838 
49 1 5.70846 2.75147 7.24999 0.969624 -0.741398 -1.08908 
50 1 3.7738 7.61531 9.31951 0.356703 -0.0852771 -0.150222 
51 1 6.67693 8.62122 3.92821 -0.370596 0.379258 -0.817608 
52 1 6.31274 4.89895 2.67403 0.622214 -0.00561937 0.686508 
53 1 8.45694 1.66938 4.10397 -0.121305 0.418475 0.762502 
54 1 6.64176 0.162507 1.80462 0.471832 -0.893151 -1.20725 
55 1 7.63193 1.21409 6.3645 1.05075 -0.995522 0.904577 
56 1 8.19083 8.45682 6.21711 -1.05605 0.0675134 0.319429 
57 1 7.36922 0.275391 2.48583 -0.294266 -0.120446 1.19695 
58 1 4.23854 1.0765 6.75725 0.112907 -0.506158 -1.4982 
59 1 1.41504 6.70218 7.45271 -0.0388551 1.01577 0.921019 
60 1 3.32235 8.83831 3.7116 1.08043 1.65768 0.168733 
61 1 0.164323 1.11599 7.64918 -0.268009 0.172585 0.182784 
62 1 3.2361 3.50995 5.04525 0.681421 0.139183 0.222013 
63 1 5.57868 1.99453 2.13764 1.43543 0.478542 -0.436871 
64 1 2.20712 4.57838 2.26053 -0.243307 -0.182441 0.890973 
65 1 5.94917 7.29069 4.93413 -0.757274 0.307872 -0.00452583 
66 1 9.38674 0.215398 7.99031 -0.492868 0.477263 0.367829 
67 1 7.98422 3.90534 5.70379 0.504328 0.419726 -0.292742 
68 1 4.47457 3.52552 2.06986 -0.623794 0.516073 0.237747 
69 1 0.905901 5.13518 0.0637562 0.0357488 -0.286459 0.506138 
70 1 5.03667 5.12861 7.76041 0.591574 0.966254 -0.680309 
71 1 9.11903 8.82438 4.16985 -0.151406 -2.10741 -0.674851 
72 1 1.71758 3.88551 2.78604 0.679003 0.511932 0.466437 
73 1 4.25326 4.14178 7.25463 0.151434 0.27451 0.977623 
74 1 9.14614 5.38818 5.71362 -1.11375 0.0637246 -0.589829 
75 1 2.99123 1.31474 5.32484 -1.01353 0.209511 -0.367424 
76 1 7.14711 2.77196 0.701158 -0.134624 -0.177063 0.82841 
77 1 3.55601 3.66794 6.77216 0.614413 0.26372 0.34511 
78 1 7.50771 6.89655 6.65098 0.853933 0.351668 0.768605 
79 1 8.50008 0.669993 6.48585 0.467648 0.265768 -1.07062 
80 1 6.68893 3.01087 1.55009 -1.33278 0.0461273 -0.454894 
81 1 7.83072 0.106864 4.93758 0.983821 -0.746242 0.0165604 
82 1 -0.00161464 4.63262 5.17025 0.296197 1.0509 0.374603 
83 1 8.73379 2.75466 7.80154 -0.568856 1.7437 1.05728 
84 1 4.85664 2.04304 0.109983 -0.858494 0.123436 0.67307 
85 1 8.8173 6.89157 4.58271 0.58997 -1.09825 0.44833 
86 1 4.96789 4.49094 0.38091 0.886196 -0.0508686 0.199883 
87 1 2.00948 7.83925 1.03664 0.935182 1.24411 0.256432 
88 1 1.98277 7.6329 8.82468 0.0342523 0.695697 0.506814 
89 1 6.95998 6.4923 5.97619 -1.29924 0.146857 -1.072 
90 1 9.06661 2.86893 5.38564 -0.0460433 -0.559599 0.648936 
91 1 7.16654 7.16651 4.52211 0.229907 0.276096 0.255387 
92 1 0.739431 4.15774 1.4883 -0.748929 -0.375192 -0.227298 
93 1 0.498298 2.97692 7.90957 -0.192592 0.560081 1.29283 
94 1 4.9506 5.98979 4.52391 0.304052 0.293557 -0.432833 
95 1 0.1886 3.70801 2.89808 0.862731 0.62629 0.286221 
96 1 9.10719 0.675923 2.09447 0.273615 -0.150755 -0.175161 
97 1 4.28717 5.60918 3.92482 -0.470335 -0.23563 -0.854143 
98 1 4.36495 0.0398593 6.98693 1.00986 1.00554 2.0457 
99 1 0.916347 1.46295 4.21016 0.473944 0.391221 0.683922 
100 1 3.26996 8.36314 0.347454 0.161064 -0.202932 1.10895 
101 1 5.22057 8.85952 6.97778 -0.547542 1.21777 0.41553 
102 1 5.31594 0.0450883 6.20559 0.132321 -0.364485 -0.408028 
103 1 4.80018 2.29978 3.50705 -1.34895 -1.44719 0.670791 
104 1 6.43389 4.52591 1.06243 -0.49632 0.180898 1.94172 
105 1 2.99083 6.67207 2.1966 -0.404936 -0.179105 1.00291 
106 1 1.1743 5.4437 2.48848 0.135556 1.14645 -0.404101 
107 1 3.15324 8.30794 6.15801 0.393149 -0.813603 -1.38233 
108 1 0.193896 7.01098 6.20108 1.04838 0.857977 0.633535 
109 1 1.60099 2.99135 6.89312 0.670152 -0.0483912 0.409637 
110 1 4.08514 2.95912 5.07652 0.683925 -1.54957 -1.49588 
111 1 2.80752 4.97497 2.85846 0.902777 0.527016 -1.30556 
112 1 0.334491 3.68208 6.61235 0.54448 0.60758 0.745875 
113 1 3.028 0.387213 3.6162 0.282386 -0.889254 0.404869 
114 1 2.06332 2.03176 3.91929 1.33973 0.18595 -0.664611 
115 1 6.60321 7.96813 4.64178 1.05849 -0.699701 -0.519449 
116 1 4.69949 1.96112 2.58946 -0.0644662 0.716079 -1.16501 
117 1 8.71573 0.82259 3.81984 -0.0934288 0.874143 -0.379468 
118 1 0.820626 8.57463 2.66188 0.0473207 0.692342 0.264945 
119 1 2.99556 7.66224 2.19576 -0.822631 0.699967 1.01867 
120 1 5.71178 2.74494 1.5753 -2.13402 -0.115153 0.601376 
121 1 3.92805 8.94925 7.73296 0.231199 0.0495749 -0.604363 
122 1 4.95059 1.23065 0.839451 -0.519971 0.270005 1.27186 
123 1 3.01699 8.9499 5.33402 -1.26358 -0.668574 -0.052821 
124 1 5.7337 6.34324 5.01482 -0.145825 0.288242 1.37091 
125 1 2.31146 3.6319 2.08961 -0.950435 0.561266 -0.487551 
126 1 4.55017 2.7755 0.717207 0.639617 -1.20542 0.435652 
127 1 7.90315 3.03444 6.07948 -0.546911 0.939855 0.941529 
128 1 4.91216 4.37729 4.13668 -0.405359 0.292747 0.617365 
129 1 5.97885 1.09793 2.25646 -1.43259 -1.60815 -0.0945716 
130 1 4.07676 5.41447 1.66604 0.0482183 0.508692 0.0624236 
131 1 1.09114 8.01896 0.820234 0.549222 0.26256 0.13761 
132 1 5.01247 9.0103 2.81963 -0.0519821 -0.0641866 -0.497996 
133 1 8.84451 3.81514 5.14225 1.44283 0.299246 0.453547 
134 1 0.529469 5.20941 3.17253 0.612077 -0.478804 -0.36679 
135 1 8.11994 2.87034 2.79127 -0.261244 -0.326287 0.721626 
136 1 1.74446 0.151843 1.79171 0.147854 -0.0556447 0.053222 
137 1 2.93204 7.7416 8.78287 -0.0613688 -0.203665 0.0154583 
138 1 0.66872 2.86138 7.00448 0.577082 0.557161 -0.559525 
139 1 1.2923 4.4878 8.86337 0.225247 -1.22398 0.221526 
140 1 3.39527 8.85504 8.89919 -0.271408 1.08334 -0.360899 
141 1 3.80795 7.19161 2.36793 0.314756 0.599629 -0.069932 
142 1 8.99269 3.20832 6.99106 -0.191596 1.32623 0.87221 
143 1 4.7626 2.70125 4.37978 -0.498791 0.28028 0.499124 
144 1 9.11757 1.49112 9.17674 -0.431653 0.0994108 0.330906 
145 1 2.35341 6.1194 8.66671 0.844349 -0.42826 -1.21016 
146 1 8.00613 4.46645 6.52199 -0.375601 -0.820998 0.822858 
147 1 0.507641 8.71407 5.8896 0.249677 -0.162772 0.144546 
148 1 8.75896 3.47291 3.34199 1.78345 -0.27344 0.109553 
149 1 8.78794 3.14837 4.42667 0.166631 0.333757 -0.255178 
150 1 7.20218 6.92796 2.10283 -1.70299 -1.18499 0.162766 
151 1 1.42988 1.61239 6.8417 0.713251 -0.263119 0.533536 
152 1 6.71721 7.54556 3.77182 -0.0674613 0.261056 0.136321 
153 1 3.99239 4.84964 8.92917 0.394516 -0.400301 0.898231 
154 1 0.23434 0.652834 8.81488 -1.20798 0.943834 1.20547 
155 1 8.00404 4.72276 2.72578 -0.617282 -1.46875 -1.2939 
156 1 1.47056 1.74735 9.00453 1.37511 -0.3432 -0.453386 
157 1 3.41586 1.44225 2.91647 0.714724 0.465476 -0.671843 
158 1 5.72003 3.57336 8.10203 -1.08853 -0.528465 0.443455 
159 1 5.21648 1.19712 2.83594 -0.206816 -0.700515 -0.321308 
160 1 4.04632 2.08471 4.01548 -1.09162 -1.06488 0.218188 
161 1 6.89921 3.93283 1.75157 -0.366892 0.168714 1.15208 
162 1 8.19657 7.67308 6.80117 -1.76304 1.63013 0.500736 
163 1 7.17904 0.799488 3.26498 -0.608913 0.380843 -0.389382 
164 1 0.414247 2.36394 1.14938 -0.0745847 -0.190766 -0.0431406 
165 1 6.39816 3.04197 0.0968819 1.20963 -0.541374 0.0396293 
166 1 6.57753 2.30855 7.21741 0.423531 0.587985 0.638464 
167 1 6.8405 8.87464 2.46004 -1.37626 -1.27137 1.36962 
168 1 4.33205 7.4522 5.52336 0.115883 0.0294886 0.00947888 
169 1 6.91107 5.22075 4.34585 0.317909 -0.351812 0.163159 
170 1 5.69501 3.11567 4.71077 -0.0327532 -0.805913 -0.104041 
171 1 5.04424 7.60793 4.88436 1.14325 0.0772833 0.742158 
172 1 8.88497 0.659639 5.57009 -0.950469 0.0456303 -0.615509 
173 1 7.32034 4.57878 5.83842 0.65401 0.0257166 1.01409 
174 1 6.36165 7.71856 2.93748 -0.897767 0.538281 1.03377 
175 1 6.82071 4.88386 1.86881 0.394045 -0.383587 -0.196595 
176 1 5.40069 3.28916 2.34247 -0.137307 -0.920349 0.135712 
177 1 3.77489 7.80771 1.63173 -0.572679 0.824663 0.629584 
178 1 2.54736 2.49043 1.03581 -0.232869 1.17484 1.20914 
179 1 0.228081 4.5883 2.36426 0.982086 -1.21702 0.279089 
180 1 6.36392 9.34542 5.99342 0.798 -1.67103 0.145123 
181 1 7.48544 2.48415 1.618 -0.322547 -1.03259 -0.13246 
182 1 7.44117 4.4163 1.14918 0.0036158 0.445413 1.03679 
183 1 5.03461 3.40194 3.76564 0.250628 1.1604 0.866483 
184 1 5.00983 2.74915 5.29327 0.210094 -0.29418 1.0477 
185 1 0.256409 3.59807 5.65846 0.914074 0.54433 0.409111 
186 1 0.312379 2.90451 4.69067 0.596183 -0.0840692 -0.639325 
187 1 4.468 5.52406 8.43623 -2.0754 0.443679 -0.245076 
188 1 0.880004 9.40354 8.59594 -0.977812 1.30656 -0.346969 
189 1 3.82277 0.298288 1.47356 0.606876 1.23938 -0.262316 
190 1 1.08998 0.532269 5.60581 0.460223 0.99122 0.335162 
191 1 1.73924 0.56066 4.87532 -0.0550392 -0.735294 0.226368 
192 1 7.90662 6.56084 4.48609 0.39193 0.148204 -1.36648 
193 1 1.24747 1.36553 5.09763 -0.0933728 0.590615 -0.295244 
194 1 1.14989 4.78198 7.66921 -0.474703 -0.721913 0.785629 
195 1 8.0166 3.1285 3.78573 -0.272899 -0.254603 -2.14684 
196 1 0.536812 0.161506 0.928877 0.486115 0.154904 0.924153 
197 1 5.07883 1.79807 4.2961 0.387281 -0.021704 -1.31049 
198 1 2.60307 1.8043 1.71015 0.689583 0.193792 -0.607293 
199 1 0.146594 3.76313 7.54461 2.32284 -0.561312 -0.296281 
200 1 2.65266 5.02206 4.67375 -0.490271 -0.169835 0.214071 
201 1 0.902465 4.3372 3.03492 -0.405217 0.042076 0.694258 
202 1 7.2001 3.33116 5.46216 0.283387 0.361518 -1.18241 
203 1 4.61198 7.6293 2.55585 -0.394878 -0.510668 -0.941445 
204 1 2.60052 8.64438 4.34456 -0.184321 -0.102246 -0.25081 
205 1 1.92691 7.37413 5.42424 0.243888 -1.73519 -0.385654 
206 1 0.889888 7.28628 7.98248 -0.213442 0.0664249 -0.31745 
207 1 7.85279 3.16023 7.68764 -1.17051 0.707935 -1.06151 
208 1 4.78269 5.81158 3.12247 -0.16352 -0.534944 1.44431 
209 1 0.746539 3.81803 8.35131 -1.58539 -0.747855 0.289969 
210 1 3.27681 6.09433 5.96757 0.997326 -0.954339 -0.0499833 
211 1 7.89275 3.78409 2.89973 -0.914205 -1.7838 -0.44473 
212 1 4.41218 6.40205 5.80497 -0.362325 1.23444 -0.222811 
213 1 3.79739 6.68943 0.292146 -0.936487 0.643555 -0.0715362 
214 1 2.37921 5.627 3.37568 0.706711 0.035699 -0.0643059 
215 1 1.94258 6.22912 6.81848 -0.33936 -1.09154 0.520921 
216 1 6.07265 6.81508 5.80418 1.16746 -0.187568 0.937414 
217 1 4.14967 3.01188 3.69728 0.286657 -0.453332 -0.74215 
218 1 6.3304 2.88453 8.42458 -0.0796579 0.702644 0.369501 
219 1 7.4716 7.73064 6.10604 0.278524 -1.00279 2.20378 
220 1 5.21615 5.88346 1.25916 1.2623 0.429096 0.980836 
221 1 4.51148 6.31737 6.77789 -1.44998 0.784047 0.759348 
222 1 2.69961 3.31035 3.95316 0.0721997 0.687953 0.678644 
223 1 0.17243 6.25688 6.86546 -0.312932 0.459638 0.00613754 
224 1 5.04783 8.03208 6.38216 0.0167499 1.43162 -0.478901 
225 1 2.76248 3.58535 5.94794 -1.14347 -0.144251 0.650176 
226 1 4.05946 7.95655 6.34364 -0.641248 0.396122 -1.89429 
227 1 1.60918 7.35645 0.265381 -0.201882 -0.0237047 0.427403 
228 1 7.8433 3.89001 0.468353 -0.256617 -0.341205 0.600606 
229 1 3.44846 5.48153 7.56324 0.49409 -0.678576 0.88689 
230 1 1.85159 2.21709 8.25444 -0.307515 0.133007 -0.0695991 
231 1 8.98337 8.54178 5.6848 -0.761571 -0.443604 0.200874 
232 1 3.19923 8.98263 1.16208 0.73155 0.108403 -1.0001 
233 1 3.22273 1.23096 6.86118 0.527788 -0.405247 -0.418345 
234 1 2.05177 6.74857 0.833969 0.295308 -0.820171 -0.104333 
235 1 0.125195 2.81766 6.25985 0.803771 -0.0354026 -1.6916 
236 1 4.82897 4.64801 8.56825 -0.592725 0.0948309 0.186076 
237 1 3.84941 6.35064 3.12166 0.0188133 -0.398365 -0.210031 
238 1 1.04463 7.45631 4.04563 1.04031 1.87893 -0.670347 
239 1 5.84089 1.62445 6.00893 -0.366258 -0.201091 -1.07092 
240 1 7.22277 5.26783 2.65958 -0.569568 -1.21091 -1.56941 
241 1 2.73637 4.50176 0.171527 1.72887 -0.465943 -0.449068 
242 1 0.448731 6.11185 5.94573 0.273235 0.214863 -0.342929 
243 1 8.07274 8.03671 3.41215 0.262785 0.3769 -0.0147881 
244 1 8.2485 4.59427 5.09279 0.793993 -0.108802 0.697477 
245 1 8.63312 4.91726 4.30054 -0.980385 -1.17278 0.509845 
246 1 2.49834 1.52219 0.807806 0.758947 -1.03223 0.23386 
247 1 8.00022 7.86464 2.49047 -0.270575 -0.137362 -0.812305 
248 1 8.93089 4.17043 6.81258 1.3555 -0.618992 1.1539 
249 1 2.28665 1.27882 6.638 -0.255433 -0.0757338 0.55345 
250 1 6.75357 4.31159 4.21635 0.205837 0.366729 -0.206153 
251 1 5.8457 4.10976 2.58165 0.0135626 2.16042 0.732933 
252 1 9.17203 0.128164 3.41225 -0.935075 1.11252 0.258449 
253 1 2.98492 6.52808 0.789452 -0.630145 0.207079 -0.0251182 
254 1 5.7146 8.25545 4.81479 0.00533822 -0.480884 0.0415544 
255 1 7.44191 8.007 4.14412 0.932679 -0.69377 -0.312151 
256 1 3.99078 4.17005 5.26015 0.224063 -0.185542 -0.335666 
257 1 1.12202 9.13242 5.02297 0.17848 0.85826 -0.710668 
258 1 5.71069 4.86803 9.31147 -0.664051 0.280915 -0.259495 
259 1 7.11676 5.85206 1.89434 -0.542746 -0.00542444 -0.358684 
260 1 8.58532 0.0643307 2.62509 -0.121856 -0.790684 0.25427 
261 1 1.9003 0.610584 9.01761 0.247203 0.0937046 0.893822 
262 1 8.37111 0.00492336 4.16648 -0.147594 0.495961 -0.157596 
263 1 8.29066 7.01311 6.1177 -0.247063 -1.03737 -1.43428 
264 1 1.32682 5.80483 6.18736 1.32279 1.28078 0.0842881 
265 1 5.80496 4.07572 6.24695 0.57818 0.195158 0.1867 
266 1 8.02301 1.27817 8.13133 1.01086 -0.590275 1.44228 
267 1 6.03543 1.56183 6.95057 -1.4486 -0.607963 -0.147818 
268 1 3.95067 5.79248 5.1838 -1.04069 -0.939204 -0.862007 
269 1 4.46015 8.31592 7.13625 0.143337 -0.522424 0.208097 
270 1 7.09379 0.138787 4.24136 0.758171 0.506209 0.555172 
271 1 5.23409 4.86504 2.5641 0.247859 1.51267 0.614122 
272 1 0.158393 8.42254 1.97093 0.187501 0.320873 -0.46848 
273 1 5.68253 5.61864 2.13148 0.64153 0.0671034 -0.236782 
274 1 5.23195 1.818 5.29157 0.599659 -0.179891 0.240369 
275 1 1.85916 7.00171 6.29769 -0.329052 0.984513 0.143008 
276 1 1.73384 0.880626 7.377 -0.119936 0.797703 0.375421 
277 1 8.31151 3.64087 8.99475 0.385878 0.0561029 -1.08733 
278 1 3.41771 7.43646 5.82062 0.122535 0.887551 -1.28224 
279 1 5.40144 5.44824 8.62495 0.196736 -0.247601 1.67493 
280 1 8.39264 2.45206 1.96383 -1.37508 -0.275735 -0.589383 
281 1 0.157576 3.14701 3.76248 -0.140818 -1.46267 0.392794 
282 1 4.95698 9.25508 3.74824 -0.0194968 1.06881 0.14936 
283 1 7.02744 1.85646 1.00073 -1.67882 0.434688 -0.431827 
284 1 5.44096 7.5155 1.64921 1.18039 -0.0453308 -0.0386369 
285 1 3.33292 8.57417 2.07059 -0.308728 1.24098 0.741012 
286 1 0.840525 8.49331 9.08762 1.44298 0.745953 -1.56572 
287 1 4.39738 3.77768 0.792815 0.0633058 -0.846933 0.207836 
288 1 3.6291 6.67577 5.2822 0.419444 -0.338339 -0.788714 
289 1 0.439119 1.9473 4.93074 0.170524 0.481118 -0.340924 
290 1 1.68113 1.59651 3.11911 0.0627092 0.224054 0.184069 
291 1 1.30787 7.41229 2.43794 -0.9521 -0.915637 0.0209672 
292 1 1.33741 2.62947 1.80884 -0.0881339 -0.495327 0.880506 
293 1 2.63598 7.17639 1.44438 0.53468 0.549892 1.20831 
294 1 0.933942 1.78726 1.65191 0.650689 0.624204 0.455511 
295 1 5.62752 8.94313 5.43359 -0.2694 0.0294775 0.0177706 
296 1 1.32309 3.56548 1.99549 0.408766 -0.452682 0.830826 
297 1 6.38406 5.29686 0.445104 0.758729 0.197076 -0.961211 
298 1 6.18517 6.45496 6.72919 0.503843 -1.41453 -0.761244 
299 1 2.27657 2.67697 7.53921 1.98534 1.20573 0.491703 
300 1 2.91957 8.07665 1.31171 -0.299406 -0.728378 0.386568 
301 1 2.68576 5.24898 1.74468 0.858068 0.372287 1.14904 
302 1 6.27335 6.74005 4.23525 -0.147792 0.909975 -1.52569 
303 1 4.48354 1.71853 5.89415 -0.979375 1.36043 -1.16049 
304 1 3.9056 2.35363 9.26418 -0.552489 -1.08124 0.614665 
305 1 1.26104 8.08791 8.33493 -0.410846 -0.483312 0.2626 
306 1 7.0123 6.15333 4.36343 0.0824696 0.53128 -0.71212 
307 1 2.07762 6.35434 4.94698 1.67885 0.240408 -1.26304 
308 1 1.94259 7.94303 3.86149 0.479798 1.31998 0.750689 
309 1 3.09726 9.32426 7.29241 1.04507 -0.280228 -0.486548 
310 1 3.93412 3.42098 7.73337 0.119878 -1.1954 0.198685 
311 1 5.58188 4.53085 3.41717 1.14385 -0.411161 -0.41882 
312 1 1.97315 2.95477 5.94756 0.504984 -1.35062 -0.636671 
313 1 0.714741 5.91855 5.04155 0.664121 1.23313 0.37177 
314 1 3.93105 2.25444 3.08819 0.0468374 0.583952 0.398053 
315 1 1.06431 8.61773 6.71921 -0.319265 -1.02192 0.206536 
316 1 4.40509 2.62927 7.92924 -0.715223 -0.29139 0.263177 
317 1 5.21217 3.56298 0.363143 1.63711 -0.547432 -0.819647 
318 1 3.38666 4.25184 7.63304 -0.81878 -0.0280109 -1.05247 
319 1 7.78258 2.11289 6.13241 0.493869 -1.48035 0.617337 
320 1 5.76044 2.2339 8.98957 0.424255 -0.411437 1.86773 
321 1 5.09444 0.866847 3.82177 -0.631246 -2.96078 -1.40191 
322 1 1.7935 4.11128 0.187846 1.19077 0.664046 -0.781264 
323 1 4.06842 9.08499 5.0544 0.751623 0.262713 -0.302681 
324 1 5.04649 4.1282 6.7836 0.655056 0.473841 -0.128745 
325 1 0.272988 0.113492 5.34468 -2.50843 -0.183948 0.929616 
326 1 5.0627 4.18796 7.7571 0.455494 1.18881 -0.919798 
327 1 5.6999 7.82392 5.68102 0.117453 -0.0702871 0.03351 
328 1 6.36864 0.564972 4.71369 0.647724 0.597466 0.75605 
329 1 1.62964 1.19675 0.413825 -0.189487 -0.0719182 0.0638324 
330 1 3.35515 6.84206 8.82797 0.978383 1.25457 0.533106 
331 1 2.52954 7.63062 6.09082 -0.772524 0.18396 -1.04808 
332 1 3.27989 2.47686 1.67534 -0.495445 0.415087 0.666687 
333 1 3.68637 1.19897 5.98902 0.87322 0.0370186 0.0667382 
334 1 2.35841 4.13913 4.34773 -1.18126 0.237451 -0.654226 
335 1 1.10279 3.77729 7.28469 0.736756 0.256895 -0.443151 
336 1 6.64279 0.87347 5.74216 1.13685 -1.00517 -1.30643 
337 1 8.31541 4.33755 3.56427 0.301749 0.293449 -0.0670807 
338 1 9.32792 5.4751 4.70378 0.0652607 0.38933 -0.716699 
339 1 6.43906 2.17087 5.49869 -0.799179 1.04162 0.0169342 
340 1 6.50281 1.19761 0.574211 0.391985 0.805155 -0.678921 
341 1 8.59308 3.77921 7.69294 1.33127 0.431397 1.11467 
342 1 7.35653 8.74864 5.76952 0.0237211 -1.26043 0.0922712 
343 1 1.93361 7.19106 4.46819 0.929521 0.298697 -0.00385156 
344 1 7.93082 1.55934 4.89643 0.426627 0.300193 0.190465 
345 1 7.06933 1.30177 9.16381 0.754692 -1.13259 -0.262673 
346 1 8.12041 3.16096 5.13042 0.43451 -0.923972 -0.955459 
347 1 5.97518 6.33907 0.926347 0.766687 -0.162424 -1.1114 
348 1 7.09116 2.42584 2.52875 0.117588 -1.03102 1.61984 
349 1 7.29907 7.36054 2.98193 -1.46179 1.0649 -0.210171 
350 1 4.05263 4.09949 8.36249 0.553198 -0.0998548 0.615004 
351 1 0.615238 3.03324 2.37786 -0.696263 0.428587 -0.176942 
352 1 3.0938 2.11916 3.61689 0.43865 1.06571 1.22811 
353 1 6.53302 6.77287 2.77416 -0.245308 0.512069 1.04818 
354 1 1.06475 8.09561 1.78935 0.431701 0.588003 0.882921 
355 1 7.97339 1.87812 1.00357 1.01125 0.218539 1.49166 
356 1 3.62891 2.08799 5.55381 -1.43999 0.632157 0.175901 
357 1 1.74707 4.84365 3.04731 0.650396 0.191658 0.863501 
358 1 3.48113 5.49554 3.39867 1.15044 0.0784511 1.24941 
359 1 8.87202 4.3398 0.414217 0.488926 1.24497 -0.0333566 
360 1 4.56262 5.29046 0.845932 -0.00923934 -0.204119 0.243529 
361 1 8.13314 6.88763 2.87321 0.360916 -0.475707 0.185918 
362 1 2.42333 8.92757 3.45492 1.03092 1.21038 -0.393075 
363 1 7.12065 1.61222 7.81335 0.280636 0.383442 0.487894 
364 1 7.26223 3.12234 3.17941 -0.451467 1.07515 -1.15674 
365 1 0.171243 5.8876 2.59062 -0.0978452 -0.730212 0.318485 
366 1 7.43005 3.26577 2.21923 -0.00482121 -0.520212 0.471979 
367 1 8.14749 5.2984 3.48364 -1.12142 0.521387 0.302138 
368 1 2.94199 3.3215 1.40344 1.5923 -0.866074 -0.339791 
369 1 7.8086 5.62001 4.32304 -0.741595 0.650895 0.29821 
370 1 8.11793 3.57896 6.84567 0.115278 -1.69359 0.424541 
371 1 4.94053 3.30312 7.44837 -0.518846 0.50893 -1.14497 
372 1 2.2197 9.09373 7.5845 1.47371 -0.701104 -0.636435 
373 1 7.43937 3.87064 3.75165 -1.12839 -1.03732 -0.590386 
374 1 2.72007 6.86216 5.48784 -0.112045 0.480785 -0.383828 
375 1 6.18829 5.87159 5.95373 0.475591 -0.315733 0.124909 
376 1 4.70314 6.69326 2.72867 -0.835975 0.0321573 -1.11147 
377 1 3.17214 9.14393 2.82876 -0.60544 -0.181354 1.74787 
378 1 0.514037 7.87637 6.50373 -1.60347 -0.485497 0.918966 
379 1 5.06781 1.27926 1.81707 -0.260629 0.0616074 -1.4145 
380 1 0.420161 0.763236 3.76589 -1.01255 -0.270663 0.714632 
381 1 7.05282 5.96938 6.76931 0.372074 0.451583 -0.609107 
382 1 3.37934 2.63908 8.01346 2.2551 1.13607 0.304959 
383 1 1.86507 5.0428 0.0950017 -0.0225011 0.752404 0.570283 
384 1 8.42092 5.57694 5.05688 0.499742 1.19074 0.12692 
385 1 1.38997 5.64023 3.43782 -0.313894 0.846925 1.64748 
386 1 3.0615 5.2273 6.2522 0.723386 0.705631 -0.0957018 
387 1 7.3693 4.13782 4.97578 0.30526 -0.60239 -0.0390807 
388 1 1.1258 0.936124 8.58694 -0.293047 -0.520752 -0.882628 
389 1 3.60161 8.07327 7.48185 -0.393984 -0.579304 -0.553662 
390 1 0.712035 5.21709 5.69506 -0.179139 0.938504 0.243441 
391 1 1.06231 3.21532 4.18057 0.159736 0.00340996 -0.721191 
392 1 7.49846 0.566163 1.54938 0.0922771 -0.460406 -0.0654462 
393 1 2.95947 4.82943 3.80052 1.22633 -0.410801 -0.689749 
394 1 9.10956 2.28467 7.00583 -1.50207 -0.00666237 -1.38493 
395 1 1.02211 8.28413 4.55489 0.287636 -0.0611155 0.179953 
396 1 5.41035 4.0509 8.95614 1.46721 0.648539 -0.0680908 
397 1 2.16611 8.36245 8.21522 -1.28181 0.258104 1.13243 
398 1 5.49569 2.66949 0.431338 -1.42478 0.896174 -0.162622 
399 1 5.13539 0.437654 2.27603 -0.963414 0.302604 -0.139972 
400 1 2.8029 0.672122 2.71277 0.658745 1.97862 1.03825 
401 1 2.28287 2.35776 3.05073 -0.112206 0.345088 -0.437865 
402 1 8.49469 3.97414 1.25559 -1.21583 -0.506467 -0.269344 
403 1 4.01736 5.12043 5.97815 0.239628 -0.319481 -0.475344 
404 1 9.18368 1.3524 6.79263 -0.747393 -0.0769021 -1.52177 
405 1 9.29305 4.48281 3.33824 -0.701164 -0.792699 -0.34353 
406 1 1.79464 3.94195 5.54837 1.67054 -0.246613 0.149203 
407 1 1.10601 4.19632 6.39108 0.277662 -0.443793 -0.317225 
408 1 7.86608 6.13328 6.1069 0.266896 -0.284082 0.273924 
409 1 4.95982 3.95498 2.88758 0.144546 -2.33682 0.534053 
410 1 2.27043 9.32596 2.54847 0.899973 -1.22563 0.104924 
411 1 5.90902 5.50356 7.78187 -0.0609931 -1.48661 0.732257 
412 1 3.11217 0.734856 1.0608 -1.44715 0.243546 0.192029 
413 1 0.116818 6.22597 3.48371 0.236184 0.969109 0.269015 
414 1 4.83088 8.77293 0.906598 0.87228 0.675706 0.200962 
415 1 4.27819 8.50329 2.36924 -0.0537428 1.97504 -1.47379 
416 1 4.89248 0.143767 5.35067 1.08949 -0.331755 0.228496 
417 1 7.41736 7.94741 5.1586 -0.215634 0.840499 -0.78787 
418 1 2.23955 6.13352 5.89345 -0.292306 0.455349 0.369794 
419 1 7.13697 8.27607 3.18431 -1.4666 -0.332796 0.826291 
420 1 7.4783 5.14295 5.09513 0.503551 -1.37706 0.73156 
421 1 1.04607 0.453757 0.0614325 -0.0814941 1.2333 0.0446261 
422 1 0.674759 6.80539 2.8769 -0.306544 1.28429 0.896133 
423 1 2.43709 6.48837 2.95753 -0.20449 -0.308191 1.34916 
424 1 8.84319 2.83539 9.08874 -0.832501 -0.7719 -1.97412 
425 1 1.21968 0.766883 3.2242 0.425816 0.213556 0.192398 
426 1 5.38681 3.21767 6.45351 -0.737083 0.721363 0.770767 
427 1 5.74849 4.69102 7.23598 0.147857 0.000984327 -0.593802 
428 1 9.29807 0.346849 4.43933 0.680159 0.0529397 -0.401384 
429 1 5.77123 4.62052 8.25204 -1.10625 -0.784835 0.822008 
430 1 0.959896 1.4178 6.0114 -0.0467409 0.462106 0.178799 
431 1 9.35392 0.404995 7.00009 1.03029 0.563026 -0.38497 
432 1 8.23534 2.76525 1.03134 -1.31879 2.69865 -0.677721 
433 1 1.71738 5.18577 1.65899 -1.54073 -0.288578 -0.0351544 
434 1 4.33019 1.04487 2.39682 1.44856 -0.462081 -0.861828 
435 1 7.11329 1.76909 3.22472 0.470582 0.583749 0.424407 
436 1 5.31646 6.64058 7.16241 0.503605 -0.200161 -0.071086 
437 1 6.67528 7.50336 5.52025 0.605351 0.471432 1.53636 
438 1 0.407895 5.41073 7.55075 -1.42801 -0.150075 -0.996207 
439 1 4.67605 6.17905 0.431789 -0.884031 -2.21233 0.181201 
440 1 1.71274 8.29808 0.141372 -0.696522 3.70522 0.187082 
441 1 3.4403 5.53143 8.54299 -0.695969 0.334137 0.859304 
442 1 5.10446 0.989399 5.83938 -0.519549 0.428419 0.10548 
443 1 8.02345 2.45543 4.44583 0.677102 -1.50766 -0.213804 
444 1 3.37574 1.82016 4.61316 0.0728052 0.0215841 -0.845955 
445 1 9.30674 4.57268 1.31575 -0.55728 0.654732 -0.129853 
446 1 5.83443 7.71006 4.05531 -1.13508 -0.979194 0.594242 
447 1 3.74123 9.0494 5.94875 0.787457 -0.745917 1.05858 
448 1 3.57832 6.86736 1.48244 0.0732982 -0.160617 -0.416521 
449 1 6.82545 1.7813 4.72015 0.64766 0.30064 -0.349617 
450 1 1.16408 2.40197 3.47149 -0.548905 -1.53102 -0.24051 
451 1 5.74136 0.54719 1.51405 1.02195 0.402432 0.0407712 
452 1 3.36401 5.01412 5.29692 -1.55837 0.9011 0.0815299 
453 1 1.8123 4.74172 4.95575 0.448766 0.102933 -0.044101 
454 1 1.06787 3.29066 6.13183 -0.404684 -0.0583478 0.571948 
455 1 1.86617 0.832332 2.49796 0.91437 0.731688 0.165887 
456 1 1.29196 8.90486 7.87369 -0.504752 -0.236618 -0.898345 
457 1 3.00063 4.08591 2.58623 0.667278 0.136533 -0.162193 
458 1 0.336642 3.85167 4.73612 0.210966 1.6712 0.387982 
459 1 4.75654 0.429859 1.37521 -0.755551 0.475984 0.381183 
460 1 5.55827 5.07358 0.888571 -2.25671 0.696941 -0.846909 
461 1 6.385 5.09303 3.59431 -0.675456 -0.870488 0.245597 
462 1 6.56753 1.99385 1.83864 -0.811848 0.11629 -0.0271328 
463 1 7.00083 9.27543 3.29549 -0.507649 0.669851 -0.470666 
464 1 4.2919 3.95841 3.54121 0.67892 1.48414 0.4447 
465 1 3.30363 2.721 6.24037 -0.286729 1.07578 -0.10429 
466 1 4.1745 8.88712 4.11692 1.92453 -0.812897 0.426108 
467 1 3.80263 8.03082 3.8409 0.409986 -0.440002 0.438783 
468 1 2.02754 8.87413 6.63573 0.261532 -0.670563 0.304466 
469 1 1.42079 0.0334668 7.09928 -1.38267 1.50686 -0.306452 
470 1 5.20476 7.0136 8.25183 -1.02602 -1.48093 0.714582 
471 1 0.433586 7.13906 7.14447 0.133565 -1.13841 0.392931 
472 1 0.368519 1.53797 8.46734 0.243738 -0.560411 -1.32585 
473 1 0.982638 6.49886 3.71316 0.351877 0.472609 -0.559592 
474 1 2.29017 4.81732 0.951798 0.778177 0.307347 -0.174386 
475 1 2.72932 4.99627 7.13045 0.574574 1.13901 -0.913173 
476 1 1.70305 8.81774 4.17353 0.0791235 -0.697758 -0.903146 
477 1 0.691944 1.32591 9.34065 1.33638 0.813706 1.44056 
478 1 1.62554 4.06977 8.08083 -1.05267 0.573522 0.0434053 
479 1 3.28606 -0.0247429 4.49397 -0.823962 1.14063 0.0540624 
480 1 4.46007 3.91326 9.20947 -0.89067 1.62089 -0.706196 
481 1 1.87533 4.48543 7.07033 -0.398123 0.549157 0.776489 
482 1 8.69527 1.56214 2.10733 -0.788074 0.18427 0.31662 
483 1 0.35537 8.62459 1.00719 0.134826 0.813389 0.581845 
484 1 1.25856 4.52296 2.19632 1.01202 -0.790114 0.690858 
485 1 1.24378 2.35555 6.26051 0.684309 0.0743067 -0.286269 
486 1 0.90925 5.02254 4.7867 0.759593 0.246251 -0.494259 
487 1 8.8232 2.52554 3.69971 0.647975 -0.3614 0.228728 
488 1 6.24555 0.206833 3.80682 1.40067 1.58232 -0.261766 
489 1 4.65233 3.02361 2.88975 0.359254 0.214235 0.186785 
490 1 6.59092 3.51823 2.60409 0.833163 -0.177609 0.828573 
491 1 3.08291 6.2567 8.04603 -1.14418 0.431564 0.0540479 
492 1 9.06435 7.74661 3.09319 -1.21732 0.251511 -0.390578 
493 1 8.5121 1.99547 8.61603 -0.657501 -0.204189 -0.619383 
494 1 5.11146 6.8301 1.00706 -0.794316 -0.280125 -0.112351 
495 1 4.62264 0.466795 3.09915 -0.46915 1.25908 -1.65857 
496 1 2.91802 1.81834 6.15959 0.753476 0.419812 -0.0648338 
497 1 7.89627 2.92724 0.11482 0.0871817 0.538102 1.35798 
498 1 6.54164 3.21082 7.53052 -0.381733 -1.43696 -0.69626 
499 1 2.80964 6.8802 7.3805 -0.182675 0.133906 -0.390596 
500 1 4.97853 8.86038 4.67654 0.493988 -0.469943 0.838509 
501 1 8.7692 8.51674 2.54165 0.870597 -0.307796 -0.702704 
502 1 4.563 7.06616 1.81068 -0.643052 -1.4489 -0.731639 
503 1 8.91989 7.99898 4.89664 -0.485428 -0.46788 -1.4166 
504 1 1.20632 5.05189 6.74163 0.449497 -0.084211 -0.00727253 
505 1 8.53419 8.84486 3.40993 -0.798474 -0.622034 0.420836 
506 1 3.82449 1.82471 2.1656 0.205497 -0.19287 -0.925797 
507 1 4.02312 0.739769 0.645898 0.288304 0.621124 -0.442598 
508 1 3.00461 3.355 7.51601 -0.401664 0.69204 -0.384865 
509 1 5.57585 1.7607 3.48306 0.671986 -0.823272 -0.760657 
510 1 2.14446 5.64007 2.44641 1.60982 0.601511 -0.872607 
511 1 4.43206 7.71517 7.90891 1.14101 -0.635414 0.0136844 
512 1 0.250423 4.57689 8.01772 -0.87336 -0.860622 -1.26899 
513 1 5.0617 3.35724 1.32244 0.07212 -0.811216 -0.0633735 
514 1 8.09373 7.49984 4.67075 -0.268855 -0.399892 -1.29407 
515 1 4.71392 2.47255 6.94084 1.65477 -0.569007 1.61262 
516 1 6.12264 8.87947 3.1005 1.41791 0.517606 0.731551 
517 1 4.8185 3.49906 8.39446 -0.177378 0.269705 1.12151 
518 1 1.33302 5.88722 8.0099 -1.01628 -1.56613 1.45003 
519 1 3.95469 0.397287 3.81693 -1.00749 -0.00104969 -0.571485 
520 1 7.27948 2.95737 6.95035 0.125281 0.356937 0.549698 
521 1 8.75105 4.09682 2.62246 0.25248 0.535303 -1.66935 
522 1 5.79018 0.476851 5.43747 0.823315 -1.34449 -0.0728671 
523 1 2.08251 3.61011 7.40877 -0.12656 1.49161 1.54284 
524 1 4.93927 9.00463 1.83577 -1.06043 1.03707 1.72741 
525 1 3.75212 5.82114 0.733048 -0.730089 0.152439 -0.0986664 
526 1 3.49568 1.25136 3.82194 -0.535981 -0.545533 0.558418 
527 1 0.518843 6.83183 5.32097 0.282171 0.632018 0.788382 
528 1 5.43222 6.20821 3.70697 0.121261 -0.629145 0.853382 
529 1 3.35123 0.17007 8.22144 1.55834 0.096322 0.49673 
530 1 4.97963 5.05336 1.67597 -0.309249 -1.30123 0.130797 
531 1 9.14013 5.37765 3.66724 0.350378 -0.125682 -0.173658 
532 1 7.29723 3.75015 6.37086 -1.5722 0.841792 -0.917951 
533 1 2.56613 3.62661 9.16492 1.37504 1.30064 1.71767 
534 1 4.54097 6.53799 3.76197 -1.13126 0.098694 -0.551352 
535 1 6.59559 3.97552 5.77284 -1.71998 -0.385839 1.5585 
536 1 3.96587 2.75495 2.27996 1.1975 -0.558198 -0.299 
537 1 2.43124 4.19768 3.35243 -1.15025 -0.513018 -0.939891 
538 1 1.06489 5.89708 7.09542 -0.0646539 0.192134 -0.218298 
539 1 8.64284 3.39839 0.477891 1.84535 -0.606021 1.63053 
540 1 9.33937 3.7623 1.92461 -0.715119 0.245072 -1.89925 
541 1 5.57729 0.326931 3.13667 -0.089192 0.913203 -0.160352 
542 1 1.65755 8.92089 8.79034 -0.144434 -0.115915 -1.14139 
543 1 0.666759 2.61817 5.53977 -0.416981 0.289099 0.935865 
544 1 6.62745 7.2913 6.45316 0.555287 0.548998 0.384435 
545 1 3.27419 1.30654 0.276027 -1.21046 -1.15715 1.18203 
546 1 4.5566 0.325022 4.50786 0.0608781 -0.606567 -1.66715 
547 1 0.389708 2.06574 7.63949 -0.083814 0.443381 -0.138705 
548 1 6.46291 4.10221 7.82452 0.0176427 0.0701864 0.225501 
549 1 4.01162 5.88731 9.20189 0.275211 0.406705 0.0539667 
550 1 5.61279 3.15971 8.98384 -0.370731 -0.941022 -0.616611 
551 1 2.007 1.25177 8.28541 0.267831 -0.317298 0.296593 
552 1 4.0631 5.40724 2.63693 -0.430902 -0.585464 -1.70111 
553 1 6.09293 2.46421 6.39649 -0.46222 -0.77734 -1.53745 
554 1 9.1014 0.688213 1.1628 -1.02255 -0.100295 -0.890721 
555 1 3.76569 3.46425 5.86482 0.796396 -0.127612 0.846255 
556 1 6.86207 3.68678 0.795314 0.564447 -1.09655 -0.226247 
557 1 2.58266 1.28828 3.47776 -0.0515204 0.233515 -0.311096 
558 1 4.78159 5.87837 2.15705 -0.53063 0.603302 0.323091 
559 1 0.191798 7.15078 3.6956 -0.606988 -0.213758 0.465446 
560 1 2.86495 6.73456 4.54845 -0.605632 0.493194 -0.777028 
561 1 3.55994 0.371651 6.56832 1.11276 -1.22963 -0.0324676 
562 1 3.85713 3.24637 0.224591 0.00986638 0.467935 0.831187 
563 1 1.57534 3.992 3.70554 -0.439402 -0.791228 -1.99144 
564 1 8.23238 9.35663 5.82367 0.83095 -0.0735492 0.26045 
565 1 4.33847 1.22344 4.30183 1.31403 -1.57464 0.661426 
566 1 9.15841 9.37022 6.14649 0.345577 -0.0116917 -0.903176 
567 1 2.19876 2.68722 8.99722 -1.85157 -0.383787 -0.0317008 
568 1 0.626137 5.63801 4.06365 0.0203931 -0.0649208 0.0419921 
569 1 2.74529 4.07357 6.91442 -0.0967463 1.9716 -0.0481231 
570 1 1.01724 6.65119 6.53803 -0.482394 1.12963 -0.162655 
571 1 2.44332 3.86788 0.814545 -0.231003 -0.261254 -0.022352 
572 1 3.01337 0.108579 1.94348 0.300701 0.859298 0.456586 
573 1 3.56122 2.49086 0.760122 -1.3649 -0.507664 0.271691 
574 1 5.8796 4.71677 1.81197 -0.770178 0.662247 0.281724 
575 1 5.81963 3.87306 4.0997 -1.18158 0.0883084 0.48168 
576 1 1.57696 5.61533 5.30883 -0.289751 -0.21155 0.00727036 
577 1 1.69092 8.01676 6.31775 1.02635 -0.718432 0.738469 
578 1 4.229 0.059886 2.28729 -1.42532 1.90938 -0.103814 
579 1 1.39173 9.05769 5.94324 -1.04548 -0.877008 -1.02177 
580 1 5.99189 3.32541 0.896244 -0.41506 1.25187 0.0897287 
581 1 3.79864 8.2478 5.47457 0.83007 0.468365 -0.902549 
582 1 5.19633 2.33626 6.12024 -0.215505 -0.770033 0.265233 
583 1 1.01113 1.21504 2.4039 -0.368531 0.176287 0.0489824 
584 1 9.29763 9.26595 1.59387 -1.34187 0.276954 -1.1215 
585 1 7.8182 4.14604 1.98368 0.504241 -0.975283 -0.924235 
586 1 4.644 7.11625 0.100188 -0.863833 0.919832 0.542472 
587 1 7.80232 8.84007 2.7833 -0.130763 0.739474 -0.382426 
588 1 0.857039 9.06128 1.72273 -1.19276 -0.798017 -0.780718 
589 1 2.97096 9.29447 0.268115 0.307227 -1.10368 -0.42628 
590 1 8.69174 6.01273 4.20656 -0.757429 -0.903604 0.851766 
591 1 3.44953 2.79329 4.32166 0.598458 -0.263643 1.524 
592 1 6.18425 3.09573 5.61723 0.634787 -0.613435 -1.83168 
593 1 0.0510692 1.87348 5.87923 -2.0353 -0.395832 0.827766 
594 1 1.53825 0.698028 6.42151 1.1519 0.917333 1.13129 
595 1 9.37912 8.63787 6.68729 -0.664195 0.320242 1.28422 
596 1 8.00475 1.2864 3.30908 1.32207 0.892249 -0.0122328 
597 1 0.760934 0.956773 6.92462 0.351528 -1.47816 -0.203234 
598 1 3.93311 9.13594 0.580055 -0.106257 -0.12962 0.468884 
599 1 1.96806 3.20701 1.33492 0.390188 0.201638 0.733868 
600 1 4.26301 4.98127 4.77255 1.15151 0.920614 1.56853 
601 1 5.82569 3.4092 3.22723 -0.1438 -0.560248 0.156727 
602 1 6.04282 6.45564 7.73515 -0.884208 0.709863 -0.890479 
603 1 0.476498 4.39601 0.540893 -0.242736 -1.09377 1.14706 
604 1 0.251517 6.46365 4.39864 -0.927236 -0.968848 -0.572071 
605 1 1.63319 8.71574 2.22742 -0.43206 0.00303817 0.934674 
606 1 3.96975 3.17681 8.66175 0.041538 -0.9489 -0.245129 
607 1 6.15 8.27231 2.232 -0.477539 0.487464 -0.20464 
608 1 3.56255 0.85036 4.67008 -0.412939 -1.03203 0.620404 
609 1 8.53352 1.50769 6.03629 0.45584 -0.941546 0.201964 
610 1 1.02641 1.92666 0.556458 0.147474 0.815039 0.21532 
611 1 3.9499 3.66152 4.38544 0.622332 0.838826 -0.22882 
612 1 6.48638 3.685 4.86307 0.651166 -0.00536645 -0.501772 
613 1 5.68492 5.48324 3.11082 1.28302 0.304374 -1.57101 
614 1 0.687087 9.34481 3.30991 0.388808 0.808606 0.651049 
615 1 5.17601 0.987924 4.84482 1.38109 -0.831068 -1.01712 
616 1 0.610225 9.11937 4.2209 0.181044 -0.324914 1.03495 
617 1 1.49374 5.76296 8.94961 -0.421827 -0.402415 1.16332 
618 1 4.24152 4.22919 6.27454 0.57861 0.643281 -0.491103 
619 1 3.44918 5.44905 4.39165 0.269539 -0.888611 -0.753227 
620 1 6.05013 5.74595 4.30833 0.318486 1.41165 0.873648 
621 1 6.25687 2.37502 0.935387 0.776325 -0.120706 0.126907 
622 1 6.30462 6.38936 1.87397 -0.266047 0.648047 -0.710535 
623 1 1.36725 0.245547 3.97566 0.742729 0.22538 -0.567467 
624 1 4.3526 1.98552 4.93795 -1.39726 -0.0410105 0.862681 
625 1 1.25877 2.66788 9.29581 0.523566 0.103114 0.592724 
626 1 7.11445 4.30683 2.61001 -1.25298 0.666524 0.670191 
627 1 4.67248 8.05575 1.58899 0.516957 0.446755 -0.614073 
628 1 1.87298 5.39817 7.39053 -0.00104119 0.321615 0.310131 
629 1 7.24824 1.57904 5.55767 1.08717 1.27713 -0.700152 
630 1 7.24017 0.892961 4.89845 -0.696316 0.279068 -0.277923 
631 1 0.613503 0.606157 1.77417 -0.0459851 0.405692 1.25045 
632 1 3.31677 2.99456 3.25656 0.394341 -0.388866 0.441698 
633 1 0.720834 1.57218 3.29154 0.713282 -1.09542 2.18891 
634 1 3.78173 6.35477 4.36322 0.184756 -0.666273 0.279942 
635 1 3.32513 7.44021 0.746345 -0.0579703 -0.489911 1.03762 
636 1 2.47865 6.86523 9.30011 0.0191069 0.5037 0.859683 
637 1 7.85003 7.20453 3.78315 0.278064 -0.19472 0.612872 
638 1 2.36968 1.46535 9.19609 0.622341 0.463867 0.783728 
639 1 4.09083 8.14941 0.763751 0.742721 0.564304 -1.28726 
640 1 3.03166 1.47617 7.78076 0.269544 0.187598 -0.421595 
641 1 0.355713 2.22577 9.30053 0.713016 -0.0372287 -0.930061 
642 1 8.78413 7.67626 4.00265 0.27111 -0.455407 -0.149025 
643 1 1.78185 1.09492 4.00977 -0.773193 0.43489 1.19252 
644 1 6.5581 4.26189 6.82392 -0.00751677 0.525321 -0.689675 
645 1 1.81416 4.18057 1.47477 0.843898 -0.479185 -0.062043 
646 1 1.74965 1.83747 2.18309 0.498783 -1.21309 -0.645552 
647 1 0.099678 1.41164 1.60215 -1.58092 2.01652 0.570405 
648 1 4.09841 7.29092 3.27392 -0.583171 -0.185067 -0.303816 
649 1 1.61601 6.72519 8.44128 0.376014 0.552252 -0.0460333 
650 1 3.68128 4.59838 3.0344 1.43167 0.226889 -0.388588 
651 1 9.13212 6.83133 2.78246 0.758745 -0.150785 -0.532685 
652 1 3.56587 7.18451 7.9392 -0.064284 0.890541 -0.581112 
653 1 3.9147 4.7219 3.93831 -1.41984 0.343131 0.209428 
654 1 9.45192 2.3097 2.02871 0.480456 -0.327656 0.409808 
655 1 8.79688 9.22904 5.03411 -0.157297 -0.916562 -0.339895 
656 1 4.35459 0.410759 6.06491 1.38585 0.796851 -1.1796 
657 1 3.06071 6.32198 3.66807 -0.827013 1.00271 0.773457 
658 1 8.11274 8.61119 5.21498 -0.158647 0.0184593 -0.159856 
659 1 4.08134 9.06722 3.16331 2.1418 -1.02542 -0.620338 
660 1 3.97778 6.29681 8.28864 0.44647 -0.403116 -0.753639 
661 1 6.25812 5.52223 1.39212 -0.28156 -1.06654 0.993312 
662 1 7.56286 9.00238 1.82868 0.516361 0.783517 -1.61059 
663 1 3.75426 6.78533 6.40393 0.947187 0.460713 -0.625455 
664 1 5.77955 6.31763 8.67499 -0.0809828 0.969638 1.04712 
665 1 0.442977 4.53936 7.05844 1.11308 0.686601 -0.343168 
666 1 8.78324 3.4843 6.09234 -0.780557 -0.0138025 -0.245394 
667 1 2.67182 0.436951 5.10987 -0.221106 -1.35073 0.129918 
668 1 4.35443 1.38737 3.33414 0.0288319 0.54012 0.974342 
669 1 8.74229 2.13404 2.83987 0.796216 -0.256788 -0.450725 
670 1 2.66859 4.29344 5.28158 -0.261039 -0.864178 -0.51323 
671 1 8.70594 0.569051 9.24744 0.501515 -0.0986773 -1.16198 
672 1 1.28861 7.49676 6.97283 -0.565196 0.0553282 -1.31314 
673 1 7.98232 2.16119 7.77284 -1.40599 -0.248239 0.727938 
674 1 0.539619 1.9253 6.71733 1.0324 -1.08505 0.231713 
675 1 2.45131 0.861243 1.74761 -0.101897 -0.0659642 0.355759 
676 1 1.0882 3.38169 5.15613 -1.03733 -0.845498 -1.76138 
677 1 7.06897 6.68831 3.6061 -1.15353 0.240772 -0.382102 
678 1 2.34448 2.65755 2.06146 0.157789 0.71058 -0.803147 
679 1 7.42989 1.98689 6.99631 -0.0136989 1.59693 -1.26135 
680 1 8.71264 6.7981 3.64694 -0.86027 -0.527859 1.12094 
681 1 2.88784 2.19499 0.153368 0.497815 -0.341724 0.0627491 
682 1 1.53828 5.68538 4.37953 -0.126347 0.340742 0.573019 
683 1 1.2305 4.12594 4.558 -0.393963 -0.621931 -0.420352 
684 1 4.25251 4.49288 1.39245 -0.581757 0.611967 -0.626334 
685 1 2.75838 8.41448 7.06267 -1.16741 -0.496469 0.288704 
686 1 2.10751 0.455607 3.34968 0.504757 -0.290234 1.61746 
687 1 1.57241 4.84941 5.87688 0.367358 0.0037653 1.99068 
688 1 6.66463 6.62909 5.10034 0.26571 0.274611 -0.315618 
689 1 0.993776 3.34339 3.22526 0.58777 -0.604393 -1.02947 
690 1 0.538072 3.05923 0.443948 -0.451335 -0.0347595 0.192741 
691 1 8.27976 8.4215 4.31589 -0.0120526 -0.923269 0.409059 
692 1 3.37916 1.00696 2.0067 0.653252 0.333624 0.165479 
693 1 3.20852 7.56027 6.78182 0.525974 -0.676147 -0.386524 
694 1 2.54195 6.99407 8.31585 -1.27251 0.438395 -0.0727518 
695 1 8.61225 1.25834 0.560646 -0.101014 2.29303 -0.36562 
696 1 4.99367 8.13094 4.06319 0.791587 0.883091 0.458943 
697 1 3.53863 0.411468 5.48797 -0.540584 -1.04261 1.40999 
698 1 0.223445 7.40407 4.64106 -0.12907 1.23233 0.0773001 
699 1 3.03535 8.66664 8.00872 -0.516087 -0.314961 -0.19613 
700 1 2.77345 6.76067 6.44302 -0.649807 0.0493578 -0.0636029 
701 1 6.26591 1.86555 2.78338 -1.04151 0.247678 0.0482515 
702 1 5.80745 3.72814 7.17703 -1.56564 -0.33799 0.774394 
703 1 4.50552 6.75791 7.66757 -0.623738 -0.0136625 -0.458823 
704 1 6.29515 9.02049 4.70344 -0.328203 0.593924 -0.226932 
705 1 5.53104 4.15415 1.06354 1.06195 0.415473 0.795057 
706 1 5.18322 6.98106 5.56189 0.130461 1.26031 0.695222 
707 1 8.86237 2.01399 1.25867 1.23682 1.89256 0.293758 
708 1 0.51044 3.05255 8.86559 -0.250857 0.643719 -0.112231 
709 1 2.19171 6.23884 7.73871 -0.056205 -0.197067 0.113409 
710 1 8.6803 2.45611 6.18564 -0.697254 0.190919 1.21256 
711 1 1.53379 1.06134 1.57402 -1.60608 -0.0157511 -0.280201 
712 1 3.30083 5.95262 1.55961 -0.872028 -0.764085 -0.188555 
713 1 7.13425 3.46932 8.2885 -0.563451 -0.922344 -1.14402 
714 1 0.315455 7.82846 5.52298 -0.44937 0.619621 1.1589 
715 1 1.10415 8.96472 0.466418 -0.197397 -0.273107 0.54258 
716 1 5.33464 6.32659 6.24536 -0.87866 -0.266904 0.917255 
717 1 6.99252 2.66255 6.09881 0.966979 -1.20311 0.0344699 
718 1 5.90697 0.767296 6.37302 -0.0521555 1.31542 -0.621235 
719 1 0.51823 9.09921 7.34154 0.370025 -0.790118 -0.0782585 
720 1 6.47888 8.46471 5.47206 -1.10529 -0.645965 -1.15051 
721 1 2.54385 8.40334 2.64342 0.491051 -0.142796 -0.817571 
722 1 7.95469 0.859186 5.55135 -1.13959 0.482442 0.00964004 
723 1 8.89953 6.97214 6.85686 -0.000351813 0.082423 0.65071 
724 1 2.35401 3.29317 8.26875 1.5993 1.53417 0.0280739 
725 1 8.89793 4.27895 8.56775 -0.878163 -0.879467 -0.465632 
726 1 9.1663 3.39174 8.37549 0.493769 0.234745 -0.277219 
727 1 2.85 5.94776 6.96871 1.0525 -0.311863 1.69764 
728 1 6.47347 5.82724 2.61689 0.322793 -0.662851 1.52504 
729 1 4.83521 3.59578 4.75309 0.401086 0.975297 -0.391228 
730 1 5.5221 8.13598 3.22191 0.213502 -0.296347 0.350268 
731 1 6.48156 4.14235 3.33027 -0.816305 0.385028 -0.58199 
732 1 9.06685 2.96945 1.4621 0.383663 -1.27036 -0.457815 
733 1 4.71755 2.94588 9.19462 0.100774 0.509378 -0.211554 
734 1 8.37471 0.169592 1.69748 0.523183 -0.537751 -0.507552 
735 1 4.31099 0.991933 5.25953 0.182328 -0.594413 -0.0239009 
736 1 8.00376 2.81286 8.55274 -0.012082 -1.5301 -0.253328 
737 1 2.47269 3.31069 2.96922 1.06731 -0.312224 1.6537 
738 1 6.67605 8.62721 1.53103 0.6271 0.761587 -0.062317 
739 1 2.33259 0.169585 4.23111 -0.0399742 -0.874117 -0.195204 
740 1 2.25787 7.54351 6.988 -1.45706 -0.920035 -0.184226 
741 1 7.55006 7.03419 5.41996 -1.76791 -0.412102 -1.20815 
742 1 7.35319 0.307614 6.0962 0.142866 -0.603259 -0.130625 
743 1 6.31212 7.3438 2.02705 0.869041 -0.0854695 -0.243741 
744 1 3.19464 3.67821 8.3883 -0.486179 -0.485077 0.204686 
745 1 8.373 3.40017 2.0023 0.687323 -0.992133 -1.19393 
746 1 0.738602 8.11777 7.46651 -0.154925 1.01056 -0.383944 
747 1 9.20314 6.23356 5.22011 -0.770011 0.336873 -0.00443674 
748 1 2.77448 7.70476 4.38609 -1.02753 -2.29388 0.20194 
749 1 2.84265 0.749065 6.07949 0.547117 0.9164 1.07834 
750 1 4.06406 8.78536 1.49191 -2.20517 -0.257658 0.201302 
751 1 1.09862 0.181073 2.48143 -0.759662 0.273677 -1.21363 
752 1 2.34983 0.355845 6.85242 0.213515 -0.28679 -0.424043 
753 1 2.53689 7.74 0.266675 -0.209045 -1.09307 -1.15812 
754 1 2.85305 7.98786 5.2675 -0.650849 -0.674174 0.544001 
755 1 0.881701 0.492893 7.75545 0.869565 -0.101725 -0.0984132 
756 1 4.27049 7.12153 8.62756 1.12115 -0.370134 0.0615641 
757 1 2.23938 4.38968 8.75975 -0.459219 -0.645486 1.27463 
758 1 5.87534 1.2176 4.21877 -0.300412 -0.709012 0.892139 
759 1 3.12837 2.88527 8.93873 1.034 -0.219992 0.308971 
760 1 3.63408 3.91857 1.85858 1.54433 1.42192 0.096657 
761 1 2.94192 3.13705 0.460182 -0.541036 -0.455046 -0.238503 
762 1 3.70066 0.660437 7.4769 -0.0878171 -1.83869 0.191864 
763 1 5.52167 7.32104 2.59565 -0.337692 -0.636552 -0.731886 
764 1 6.93936 0.0560904 5.26245 -0.463098 1.13782 0.732581 
765 1 9.19754 1.61772 3.49609 -1.40714 0.524523 -0.600514 
766 1 3.91946 3.15546 1.35771 -1.24364 -0.781477 -0.130003 
767 1 6.35188 3.80312 8.78239 -1.849 -1.34837 0.903785 
768 1 2.12691 5.36104 6.47835 0.208855 -0.754467 -0.420221 
769 1 7.63399 3.44139 1.30702 -0.812067 -0.407019 -0.334307 
770 1 6.76211 1.7491 6.34539 -0.143834 0.355952 0.109276 
771 1 6.67654 1.07563 1.52273 -0.509523 -0.305449 -0.375482 
772 1 2.52104 5.83742 4.27486 -1.24356 1.89015 0.926915 
773 1 8.07451 1.31329 9.15724 0.680687 -1.20104 -0.563838 
774 1 7.06103 7.95368 2.24661 1.04406 -0.136784 -0.683855 
775 1 1.84032 3.05035 3.62174 -0.719006 -0.647628 0.69771 
776 1 4.57399 8.83657 6.26602 -0.649182 -0.0125974 0.0890122 
777 1 2.87109 9.17738 6.31092 -0.267164 0.265764 -0.653217 
778 1 1.62989 3.48329 8.85772 -0.19836 -0.816277 -0.445906 
779 1 7.11514 2.70101 8.96298 1.31054 1.17823 0.558851 
780 1 2.01608 4.95174 3.9655 0.285279 0.165474 -0.221148 
781 1 7.73542 5.08915 1.81776 0.289792 0.0660476 -1.20966 
782 1 2.31363 7.47171 2.82733 -0.523352 -0.183202 -0.5509 
783 1 2.42241 5.24637 5.55275 0.040226 -1.78271 -0.717365 
784 1 6.59934 4.69666 5.11847 -0.108268 -0.915828 0.227532 
785 1 7.51796 2.03396 0.180354 -0.364967 0.456522 -0.671132 
786 1 1.25882 8.24411 5.49189 0.285588 -1.48039 -0.446599 
787 1 3.66735 6.44393 7.30449 -0.686684 0.0620968 -0.993035 
788 1 2.04022 6.85631 2.14456 0.265397 -0.119514 -0.487961 
789 1 2.07436 9.07077 5.02917 -0.249142 -0.978641 -1.16299 
790 1 3.83268 1.96417 6.56382 0.547089 0.117891 -0.27825 
791 1 0.00617128 3.6901 0.935835 -0.929351 -1.65846 0.63258 
792 1 1.09439 4.81535 3.85607 0.504902 0.50811 -1.02519 
793 1 4.38921 7.36719 4.19632 -0.974104 -0.532476 -0.950338 
794 1 8.79833 5.11897 6.57818 -0.102058 -1.48666 0.653078 
795 1 2.81578 4.29332 1.58321 -0.618963 0.115579 0.542456 
796 1 7.39873 2.4434 5.19238 -1.34591 -1.68757 -0.347539 
797 1 6.61011 2.74753 4.72377 0.0224785 -0.468226 -0.642324 
798 1 8.99031 2.25877 4.61376 -0.365404 -0.445869 -0.205727 
799 1 6.60223 3.35215 3.92027 -0.405733 -0.595145 -0.0640754 
800 1 8.80975 0.98415 2.91085 0.135544 -0.282878 -0.372868 
801 2 5.63436 7.26838 6.49362 -0.595876 -0.467659 0.120142 
802 2 1.57579 7.16625 3.32807 -0.404084 0.389518 0.986498 
803 2 3.33753 3.92854 3.62478 -1.01075 0.737847 1.01603 
804 2 4.19866 2.21139 1.41237 -0.286966 0.0922852 0.535809 
805 2 4.43609 3.35892 6.64954 -1.14164 -0.267735 -0.130106 
806 2 6.08829 4.04038 0.272142 0.88871 0.0399828 -0.8945 
807 2 1.84267 7.47289 7.85125 -0.869349 -1.07471 0.779154 
808 2 2.15931 5.98555 0.216338 1.1936 -0.358917 0.0698891 
809 2 8.87969 1.52571 5.1713 -0.763846 -1.65868 -0.681569 
810 2 1.11599 1.45953 7.8028 0.757848 -0.407194 -0.0953858 
811 2 0.942133 2.15617 2.55569 -1.46767 1.96797 -0.0848591 
812 2 4.34219 4.49063 2.35331 -0.392417 0.464994 0.374154 
813 2 2.76205 2.05951 8.5223 -1.51646 -0.381242 -0.73762 
814 2 1.12045 7.45996 4.981 0.874205 0.00634115 0.896754 
815 2 2.67658 1.08442 4.3987 -1.14399 -0.804965 -1.22944 
816 2 0.212297 0.829414 6.14853 0.300961 0.190695 -0.748768 
817 2 5.02293 7.34818 3.44992 -0.585831 0.649066 -0.14526 
818 2 8.60838 4.71498 1.9326 -0.505615 -0.524675 -0.247799 
819 2 6.57697 2.08249 0.106309 -2.1801 -0.269703 -0.705568 
820 2 2.77198 7.75626 7.79123 -0.411324 -0.0474345 -0.394096 
821 2 4.51115 6.74394 4.89267 -0.47336 -1.51078 1.19248 
822 2 8.28611 1.08968 1.42788 0.123572 0.589263 -0.119518 
823 2 2.40414 4.50963 6.16835 0.426065 0.365199 0.816152 
824 2 4.60832 4.85028 3.28076 -0.0419614 1.02825 -0.0952601 
825 2 7.6657 1.01892 7.27704 -1.08077 1.70099 -0.634814 
826 2 2.02346 1.11513 5.66883 -0.418996 0.226588 0.14267 
827 2 7.16259 2.54906 3.9411 -0.491021 0.330868 -0.53345 
828 2 5.66806 2.65563 3.86799 0.986797 -1.20178 -0.739766 
829 2 1.44374 3.11065 7.97316 0.208703 0.569731 0.307318 
830 2 3.67525 8.75292 6.81956 0.434972 1.99637 0.174285 
831 2 7.2576 8.74548 4.71823 -0.428771 -0.131049 -0.124654 
832 2 6.92898 1.20459 2.44781 0.993627 -0.41249 -0.376966 
833 2 0.334407 0.697653 2.82634 0.797011 -0.0973366 -0.0582602 
834 2 7.98001 0.277565 3.31111 0.195671 -0.94176 -0.0432718 
835 2 7.65141 8.87259 3.79899 0.674418 0.559327 0.0324761 
836 2 1.94141 2.16537 0.341735 0.985606 -0.0881959 0.545724 
837 2 2.43639 8.76642 1.74013 -0.436122 -0.668875 -0.265296 
838 2 0.233005 4.50886 6.12352 0.97887 0.836247 -1.15122 
839 2 0.808767 5.22409 8.4728 0.322342 -0.564186 0.144227 
840 2 2.37456 6.16186 1.55659 0.13229 -1.72265 -0.916122 
841 2 8.18404 2.62814 6.95857 1.11184 -0.73969 -0.645297 
842 2 8.03566 0.910837 2.35677 0.25312 -1.10555 0.249774 
843 2 0.21147 4.73744 4.21494 -0.768363 1.22361 0.208867 
844 2 8.14512 3.86172 4.44408 0.195903 -1.16003 -0.675654 
845 2 1.48677 0.355995 0.904158 0.290809 0.370927 0.83655 
846 2 0.317177 1.0822 5.26478 0.357597 0.34666 -0.0246612 
847 2 1.95749 8.11849 4.8321 1.01632 1.69325 0.700053 
848 2 6.00314 3.69052 1.75383 -0.337237 -0.0680421 -0.0146469 
849 2 0.333658 5.37539 6.55939 -0.56428 0.452797 -0.299117 
850 2 0.0663021 8.60916 3.25001 1.79298 -1.30664 0.536933 
851 2 6.04804 9.36867 6.89488 0.624234 -0.0463287 0.45053 
852 2 5.35476 2.6897 8.17557 -0.78574 -0.456391 0.49769 
853 2 3.10814 2.30091 2.5984 -0.941651 0.486366 1.08151 
854 2 1.07065 7.38593 5.92948 -0.0102208 0.888123 -0.51133 
855 2 5.50053 6.7165 0.122244 0.930433 0.00831531 -0.182987 
856 2 6.2111 1.0688 3.29838 1.36259 0.861797 -0.213317 
857 2 6.98267 4.4903 0.268271 -0.0597423 1.23894 -0.447992 
858 2 4.02628 4.58939 0.441783 0.262117 -1.32757 0.0967505 
859 2 8.45131 2.11145 0.179747 -0.126965 -0.114566 -1.44869 
860 2 3.14313 5.7952 2.52957 0.0662509 0.590493 -0.657315 
861 2 1.43925 7.23321 1.47473 0.840742 0.167075 0.361861 
862 2 3.17481 7.12595 3.04352 0.845515 -0.899682 -0.425612 
863 2 2.14097 2.23741 6.62744 0.236472 0.183334 -0.404181 
864 2 2.39389 0.0932546 1.10725 -0.768175 -0.133303 0.418226 
865 2 3.4526 4.83829 2.12042 -0.373958 -0.655854 0.847601 
866 2 9.35165 1.32076 4.38449 0.118361 -1.01632 0.141642 
867 2 4.34269 6.2829 1.32027 0.439707 -0.807271 -0.0324588 
868 2 3.40548 4.92769 1.1193 0.752456 -0.72336 1.30473 
869 2 0.119499 1.56851 2.57154 1.25315 -0.792838 -0.481452 
870 2 2.4272 8.61873 0.71133 0.815018 0.252533 0.550099 
871 2 7.28212 4.73881 3.43866 0.487292 -0.464424 -0.659429 
872 2 7.50217 1.52447 1.76104 1.60313 -1.07193 -2.17145 
873 2 6.67113 4.9703 7.51382 -0.297373 -0.581115 -0.423171 
874 2 0.261275 8.07415 4.00114 -0.63331 0.80457 0.0725509 
875 2 2.62849 5.38853 8.01514 0.0581636 -0.245662 -1.04735 
876 2 2.79609 5.59962 0.803909 0.765221 0.946837 -0.527038 
877 2 3.73214 8.07307 8.4306 0.0493503 1.52526 -0.752248 
878 2 8.32564 2.26764 5.35221 -0.782457 -0.641425 -0.536705 
879 2 3.70044 0.545873 2.91516 0.794153 0.635922 -0.41 
880 2 1.30194 2.73361 0.881589 -1.40502 0.396806 -0.829372 
881 2 8.62992 0.879449 7.44913 -1.16634 -0.520613 1.13836 
882 2 3.6176 4.73915 6.85202 -0.26924 1.29345 0.0678559 
883 2 3.77834 2.76794 7.08466 0.241839 -0.564995 0.346008 
884 2 2.05362 7.86833 1.98193 -0.172882 2.42278 0.240709 
885 2 5.26963 5.69492 7.02673 0.575109 -1.30631 -0.468524 
886 2 8.08399 5.20012 5.87649 0.0542092 -0.212063 -1.48259 
887 2 3.85727 3.64415 2.77867 0.0280887 0.0734241 -0.366582 
888 2 7.9259 6.24817 3.58707 -0.396692 -0.471874 -0.954464 
889 2 5.61865 8.45265 1.43486 0.821093 1.01983 -0.187739 
890 2 4.72493 3.55144 5.74331 -0.385137 0.568718 -0.711154 
891 2 8.21672 0.402108 0.754397 0.0205761 1.85464 1.19431 
892 2 5.72642 8.7465 3.97658 -0.20256 0.299308 -0.362374 
893 2 1.9132 6.3937 3.82436 1.14215 -0.48786 0.211893 
894 2 0.716834 5.1045 1.64456 0.636101 0.319017 0.485938 
895 2 8.69776 6.0202 3.09268 -0.0978764 0.879144 -0.00727882 
896 2 3.93199 6.27788 2.18558 -0.884846 -0.67784 1.18916 
897 2 6.20812 2.72659 2.34329 -0.162483 -0.785118 1.36167 
898 2 9.33779 3.67323 9.30092 0.121457 0.284849 -1.57191 
899 2 1.62762 8.74601 1.22934 -0.987309 -0.301024 0.257628 
900 2 0.543824 6.38425 7.76054 1.1121 -1.16599 -1.49891 
901 2 1.24956 3.68659 0.847739 0.463018 -0.855532 -0.513496 
902 2 9.01644 7.16853 5.46056 0.860234 -0.392129 -0.0146682 
903 2 2.5178 8.55098 9.12383 -1.11248 -0.463168 0.404257 
904 2 4.84876 2.63518 1.94727 1.12673 -0.330231 -0.295116 
905 2 1.31986 4.70447 0.859842 0.656397 -0.225688 0.566018 
906 2 5.29663 6.91918 4.29939 -1.27065 -0.132004 -0.626817 
907 2 7.18159 5.67343 3.53644 0.743384 0.161107 0.0905798 
908 2 1.61196 2.90356 2.66571 -1.60753 -0.613075 0.728511 
909 2 0.637435 3.21056 1.44203 0.560754 -0.166326 -0.191244 
910 2 6.40798 4.88696 6.075 -0.19269 -0.302658 -0.988114 
911 2 5.24323 8.2497 2.31871 -0.438051 -0.00573214 -1.1296 
912 2 1.37988 6.54064 5.58216 -0.858753 -0.458896 -0.666704 
913 2 1.72485 0.304125 8.13992 -0.912313 -0.0593112 0.520121 
914 2 0.898911 3.78045 9.3569 -1.30318 0.491136 -1.82232 
915 2 0.586152 3.97557 3.82712 1.32694 -1.81365 0.313993 
916 2 7.17098 3.59317 9.27217 2.29734 0.945968 -0.267605 
917 2 4.53989 5.01609 6.91296 -0.259948 0.472615 -0.31572 
918 2 0.797325 1.07862 0.93539 0.144956 0.184639 0.1344 
919 2 6.43402 3.33879 6.55261 -0.23113 -0.509897 0.394999 
920 2 5.21436 5.2845 3.91847 -1.10537 -0.368453 -0.378089 
921 2 2.57718 3.08662 6.7299 -0.279322 -1.96372 -0.36915 
922 2 6.06796 1.34705 5.14138 0.786103 0.501834 -0.43514 
923 2 5.82683 9.17097 2.21246 0.20492 -0.026595 0.623998 
924 2 8.4891 0.786742 4.73109 0.833468 -0.204797 -0.451561 
925 2 3.34046 4.33863 6.00466 -1.18433 0.482052 -0.724963 
926 2 7.94561 2.23322 3.4559 -0.818915 -0.852196 -0.825868 
927 2 0.410012 8.66341 8.21118 0.206437 1.22405 0.714642 
928 2 7.14223 2.56734 7.96629 -1.01762 -0.0128394 -0.73103 
929 2 5.63923 6.36172 2.77377 -0.54914 0.109253 -0.282231 
930 2 1.79264 5.09281 8.32015 -1.05323 0.275365 -0.662791 
931 2 3.42649 3.94708 0.844489 0.618404 2.03236 0.457043 
932 2 7.86417 1.87396 2.55785 0.266187 -1.04926 0.0109481 
933 2 5.92056 4.78589 4.38353 1.10446 -0.703288 -0.0118811 
934 2 1.51088 6.34274 2.8072 -0.344169 -0.378058 0.313086 
935 2 5.03615 7.53544 7.2112 -0.828047 0.495442 0.153872 
936 2 9.03068 4.00056 4.12006 -0.663662 1.52703 -1.02576 
937 2 0.727347 7.73291 3.16522 0.993912 0.0442751 -0.916322 
938 2 7.11946 5.52881 5.90599 -0.824683 -0.582902 1.08612 
939 2 6.43239 0.359838 2.71139 1.00372 -1.70448 0.477192 
940 2 8.98394 7.76429 6.23707 1.59479 -0.957783 -0.598449 
941 2 5.49352 2.53129 2.91929 0.599582 -1.04955 -0.455957 
942 2 2.47522 4.40399 7.83693 0.938696 -0.557346 0.69444 
943 2 7.38117 3.27679 4.51989 -0.625981 -1.20411 -0.527337 
944 2 7.13339 5.30856 1.05295 1.22427 -1.31052 0.0954775 
945 2 5.04132 7.78107 0.755411 -1.02136 0.237038 -1.16806 
946 2 3.60042 8.05568 2.87536 0.84941 1.00842 0.458073 
947 2 7.7764 0.78145 4.10595 -0.655421 -0.431755 0.539099 
948 2 3.31614 4.35279 4.56613 1.27835 0.783903 0.296675 
949 2 9.18818 7.84876 7.19214 1.01306 -0.343791 -0.515022 
950 2 3.38034 1.64744 1.20568 -1.44911 -0.268846 -0.432288 
951 2 7.54567 1.11012 0.651835 0.390604 -0.143062 1.51882 
952 2 6.41948 1.93884 3.87045 0.614358 0.271558 -0.558276 
953 2 2.13813 0.173388 5.85438 -0.964169 0.610491 1.3471 
954 2 5.88182 2.1477 4.66233 0.0519657 1.33507 -1.15406 
955 2 8.89494 6.25675 6.13305 -0.651401 -1.6636 1.36841 
956 2 8.32574 6.50004 5.32956 0.657854 0.634328 0.717171 
957 2 4.82565 6.31269 8.87565 0.82272 0.366966 -0.378089 
958 2 5.09591 1.54026 6.6477 -0.634683 0.0932933 -0.637512 
959 2 5.13751 4.14251 1.92089 -0.564794 0.916655 0.350086 
960 2 8.31523 1.67538 6.95641 -0.821627 -0.677837 1.10541 
961 2 7.18577 4.98744 6.69704 0.859465 -0.296019 -0.161617 
962 2 1.93101 3.75297 6.46825 -0.914828 0.874819 -0.317002 
963 2 3.49497 4.03314 9.22496 -0.313963 0.174575 -1.50895 
964 2 4.31891 8.16131 4.71103 0.903 -1.83019 0.0190087 
965 2 7.47813 6.08366 5.2043 -0.840798 -0.545933 -0.143025 
966 2 1.20675 6.5913 4.61349 -0.0923905 -1.01193 -0.0929582 
967 2 4.75962 5.29696 9.31997 0.705246 -0.354246 0.624982 
968 2 0.933102 2.30366 8.42649 0.269847 -0.338092 0.239051 
969 2 3.4546 7.1598 3.94934 0.166448 0.0512378 -0.749522 
970 2 0.217355 2.45487 3.08012 0.303737 -0.514826 -0.015753 
971 2 4.68199 7.15144 6.37272 0.198168 -1.13576 0.239623 
972 2 4.28862 2.65989 6.00794 -0.497656 0.393057 -1.10009 
973 2 6.58717 5.67418 5.11462 -0.00289974 -0.46898 0.174293 
974 2 5.8714 1.53302 1.33737 -0.0463237 0.862043 0.404008 
975 2 6.33887 6.11442 3.48957 -0.325758 0.496153 1.80828 
976 2 3.78576 5.70498 6.6972 1.04982 1.27315 1.24375 
977 2 8.89096 5.12976 2.76417 -0.217879 1.27818 -0.312058 
978 2 4.53861 8.24382 3.26153 1.34976 -0.226322 -0.615766 
979 2 3.15605 4.62518 8.50646 0.172348 0.361943 0.706461 
980 2 4.12005 1.71319 0.600563 0.210019 0.630703 0.321712 
981 2 1.97518 9.27235 0.214705 0.534571 0.22895 -0.838534 
982 2 8.90047 1.03571 8.37452 0.112557 0.594884 0.0210906 
983 2 0.320928 7.54905 2.33312 0.332073 0.043648 -0.696065 
984 2 4.11024 4.87675 7.84528 -0.922017 -0.0591834 0.0546382 
985 2 2.495 7.12209 3.701 0.722512 1.44009 1.57035 
986 2 0.0909545 0.737082 0.333627 -0.703341 -0.511254 0.769052 
987 2 5.53108 0.198616 4.46667 0.926826 -0.702832 1.08594 
988 2 7.55884 1.94819 8.6218 1.7519 0.350918 -0.819643 
989 2 6.80136 0.860529 6.73168 -0.606203 -0.946917 0.210223 
990 2 2.60223 5.27094 8.97201 -0.235328 0.184705 0.044431 
991 2 3.14349 3.19847 2.30738 -0.702085 0.764804 -1.44431 
992 2 0.0830145 1.64718 0.640786 0.172329 1.03853 -0.250953 
993 2 3.36942 5.19638 0.132498 -0.131117 0.235733 -0.464008 
994 2 6.59673 1.96575 8.54849 1.27495 -1.13129 -0.552904 
995 2 7.50404 1.68203 4.07701 -1.6281 -1.04706 0.221841 
996 2 1.74655 8.27571 7.32899 -1.3122 1.09488 -0.384636 
997 2 2.52806 1.54674 2.58914 -1.16874 0.311414 -0.580872 
998 2 5.12515 2.1164 1.15371 -0.485175 0.254805 1.41316 
999 2 5.85042 8.57427 6.28682 0.357194 0.21278 0.369958 
1000 2 3.6209 7.50425 4.83186 0.0575628 0.756095 -0.406498 
