1 1 3.34879 4.33729 3.83432 0.157666 1.12085 -0.158561 
2 1 5.58744 3.7712 2.55612 -0.421733 0.894866 -0.29524 
3 1 1.14442 0.316739 2.61999 0.938556 0.288189 0.161634 
4 1 6.78343 8.79484 2.30177 1.43446 -0.676628 -1.32432 
5 1 5.35992 6.00472 8.21665 -0.941548 1.20359 -0.635604 
6 1 7.69821 7.97884 0.250106 0.599684 0.74771 -0.941135 
7 1 0.117068 3.89038 0.725333 0.0483699 -0.868942 -0.073181 
8 1 1.63218 7.95487 7.69176 -0.404406 0.227325 -0.53022 
9 1 1.2192 1.67365 5.18648 -0.107908 -0.713033 -0.979656 
10 1 4.88101 4.39316 2.76922 0.609723 -0.0907004 0.0149996 
11 1 6.85755 0.0355468 3.03514 -0.283907 0.409093 0.214347 
12 1 0.487605 1.67738 8.91649 0.205908 0.124582 -0.0450836 
13 1 5.60068 6.18558 1.38835 -0.301519 -0.669557 -0.878898 
14 1 3.84604 0.182424 6.87996 0.298461 -1.45017 0.446303 
15 1 7.29049 2.87985 4.2911 -0.4579 0.119516 -0.556382 
16 1 2.08742 2.58498 3.08496 1.26211 -0.143888 -0.727121 
17 1 7.53269 7.34439 7.62294 0.231207 1.03731 -0.113547 
18 1 1.95394 9.13566 9.12524 -1.21094 -0.481549 0.939473 
19 1 7.10341 2.20652 3.61994 0.195978 -0.013396 -0.391726 
20 1 7.85403 9.28081 8.62565 0.421256 0.202311 1.40277 
21 1 7.18989 6.42421 8.83498 0.84828 0.171639 0.610549 
22 1 2.58509 0.00969735 8.43935 -0.255707 0.0583453 0.219298 
23 1 3.44181 8.8777 2.6717 0.141426 0.357306 -0.399134 
24 1 4.71869 1.74635 9.02542 -0.66382 -0.217856 -1.17509 
25 1 1.736 0.00307499 1.08656 0.252496 -0.0878773 0.388382 
26 1 0.158206 1.30713 0.422114 -0.58013 0.0717923 -0.938639 
27 1 2.34883 0.357261 7.522 0.695793 1.44447 0.440438 
28 1 6.82327 3.62717 5.68099 -0.75371 0.253304 -0.334477 
29 1 8.25099 2.85805 7.11006 0.5117 -1.63856 -0.0373476 
30 1 3.40865 7.92635 0.0899899 0.485727 0.554007 0.912569 
31 1 2.50285 4.18211 3.34172 1.78923 -0.651541 -1.22232 
32 1 6.22245 4.50178 2.71779 -0.467184 0.450838 -0.0278043 
33 1 7.46672 4.63751 1.07033 -0.524 0.814872 0.676896 
34 1 5.76812 7.76779 8.75003 -0.134928 -0.118641 -0.57918 
35 1 1.79498 9.12843 3.0198 1.17108 -0.21742 0.190435 
36 1 2.87743 5.38321 7.31238 0.713104 0.477948 -0.204279 
37 1 5.22775 0.373612 7.85884 0.57456 -0.692086 0.808054 
38 1 0.0835826 1.98257 8.01922 -0.0673372 -0.567815 0.393741 
39 1 8.22886 5.78973 7.97583 -0.753288 1.48742 -1.14188 
40 1 7.66416 5.17055 5.75584 -0.709042 -0.61121 0.870052 
41 1 6.60375 7.72688 8.31538 -1.20628 -0.0321002 -0.899384 
42 1 5.5758 5.19337 1.26475 0.673855 -0.121336 -0.478445 
43 1 8.83779 9.06424 0.895317 0.87056 -1.26335 0.193262 
44 1 3.16421 5.65489 3.56499 0.770357 0.596135 -0.57859 
45 1 0.433879 6.45349 7.64838 0.511936 0.426641 -0.232054 
46 1 1.05965 3.99334 0.271083 0.800605 0.0179003 -0.67414 
47 1 4.91016 2.26585 4.69291 0.885127 -2.01522 1.03141 
48 1 8.33375 2.58498 4.94164 0.433168 1.41053 -2.8734 
49 1 7.17975 7.95902 4.29887 -0.256942 0.456353 0.480116 
50 1 4.81733 0.819293 6.84462 -1.6191 0.535325 0.118847 
51 1 6.73729 0.320219 8.4272 -0.0428782 0.974485 0.00615184 
52 1 5.30495 0.956035 5.03012 0.929744 1.67044 0.440891 
53 1 0.417824 4.99472 8.16141 0.416306 0.856121 0.259254 
54 1 5.31738 3.26028 1.43987 -0.675449 -0.0547733 1.49962 
55 1 6.8571 0.875695 5.69094 -0.152604 0.0770385 -0.385948 
56 1 6.89057 9.33548 5.47252 -0.87199 0.789688 -1.57749 
57 1 3.55954 3.78195 8.09464 -0.366074 0.688986 0.0901781 
58 1 4.23844 4.88167 1.0319 0.426009 0.8134 1.02092 
59 1 1.47181 2.40383 7.72899 0.223551 -1.03942 -0.806633 
60 1 0.269022 3.11676 1.3025 0.395326 -0.554781 -1.20007 
61 1 3.53157 3.30195 5.38733 0.507227 -0.949882 0.206249 
62 1 0.292009 1.52998 3.81593 0.157684 -1.038 0.286085 
63 1 4.55355 8.33269 7.24219 0.997893 0.449875 -0.564824 
64 1 4.66016 0.76427 2.1683 -0.518888 -0.53868 0.534911 
65 1 3.72328 4.12194 0.784262 -0.993525 -0.230943 0.758226 
66 1 5.37124 1.25692 7.52332 0.712624 -0.282523 1.07665 
67 1 5.15995 0.0774558 5.36214 0.567939 -0.212787 0.671768 
68 1 2.33356 2.27462 7.29613 0.708613 -1.01854 -0.275577 
69 1 4.6979 0.552163 4.40016 1.05995 -0.479772 -1.29675 
70 1 6.22867 2.17387 3.09562 -0.859156 -1.05413 0.729998 
71 1 4.2872 9.01713 5.45313 0.755499 0.178397 -0.457765 
72 1 3.05648 7.73758 6.31217 0.612665 -1.33292 1.35999 
73 1 -0.00375549 6.09944 9.2837 -0.302009 -0.535428 0.525321 
74 1 3.04911 8.67012 8.02441 -0.818493 1.20819 0.0423578 
75 1 0.942382 3.35327 8.9815 0.52755 0.36556 -0.16201 
76 1 1.665 9.3365 8.20405 0.0451572 0.625111 1.17922 
77 1 6.51708 4.41653 6.67929 0.450294 1.192 -0.642042 
78 1 7.91928 8.16687 6.28116 0.111382 -0.657564 -0.396267 
79 1 5.65722 1.28357 6.60459 -0.446855 0.0878404 0.294346 
80 1 6.61619 8.65538 0.514224 0.158406 0.74949 0.10878 
81 1 2.31447 4.78023 1.05923 -1.00839 1.0247 -1.03536 
82 1 0.572314 0.463995 0.105187 -0.0959709 -1.80013 0.0994043 
83 1 2.26158 2.45888 8.33615 0.273449 0.665014 -0.509994 
84 1 6.59602 3.03958 8.91162 -0.663436 1.25371 0.51315 
85 1 8.68372 0.0936853 9.02033 0.391937 0.836929 -0.499067 
86 1 6.4342 9.14035 4.66017 -0.408398 0.195927 -0.394787 
87 1 0.0775222 3.66052 9.2122 -0.663903 0.485657 -0.2387 
88 1 2.91265 8.71864 9.06258 -0.857664 0.520036 0.448913 
89 1 1.60178 0.457222 0.227659 -0.745167 -0.561994 0.471531 
90 1 2.10759 4.16519 1.79224 -1.40874 0.613009 -0.391858 
91 1 3.31669 2.19975 8.77272 -0.383731 0.969516 0.467806 
92 1 1.12314 0.800761 6.51445 -0.0953558 -0.176436 -0.65875 
93 1 0.225555 0.476201 5.06902 -0.344067 -0.689821 -0.814021 
94 1 3.63986 3.32439 3.67395 -0.926502 -0.336905 0.427688 
95 1 8.23102 0.862381 5.6255 0.298284 -0.411929 0.303344 
96 1 5.93806 6.99838 3.13067 1.01423 0.810231 0.174732 
97 1 6.6991 4.96196 4.34453 1.00378 0.455454 -0.0606751 
98 1 6.25623 3.12379 1.56317 0.915784 -0.41745 0.824333 
99 1 1.28608 5.04516 5.70705 0.313225 0.346112 0.275624 
100 1 4.859 2.43366 1.50689 0.184534 -1.10463 -0.136133 
101 1 8.89988 9.21931 8.09569 1.08809 -0.607382 -0.254996 
102 1 1.9456 2.31965 9.23794 0.885889 -0.270273 -0.94595 
103 1 4.62194 4.89449 1.92319 -1.10321 -0.0091306 -0.261987 
104 1 7.33797 8.59613 3.08304 -1.4572 -0.117151 0.460156 
105 1 3.55525 0.331857 9.37634 1.00911 0.284363 0.167085 
106 1 6.13631 9.34173 7.72523 0.085394 -1.92986 -0.361114 
107 1 8.09824 3.08267 8.06728 0.0512734 0.610239 0.802049 
108 1 3.37549 3.91206 2.98961 0.125511 -1.32011 0.620528 
109 1 5.27876 8.66715 3.12452 -0.251277 -0.588251 -1.10513 
110 1 0.617831 3.0858 0.429848 0.886675 -0.964668 0.529513 
111 1 6.00684 8.13862 1.53271 -0.369476 -0.522084 0.266382 
112 1 3.61848 2.47227 1.85409 0.310318 1.17332 -0.0436368 
113 1 7.74066 4.14191 0.259873 0.736976 1.19382 0.370219 
114 1 6.15997 5.28107 2.0358 -0.922314 -0.0817672 -0.0681531 
115 1 0.605644 2.77784 7.89991 0.282985 -0.460097 0.356392 
116 1 8.64329 0.332063 2.74058 0.671095 0.758521 0.480896 
117 1 1.73799 8.90311 4.09257 0.465068 -1.28237 0.517727 
118 1 9.34835 8.09279 7.02059 -0.836967 -0.286879 -0.225359 
119 1 7.28709 5.93243 7.95903 1.64841 0.994113 0.540335 
120 1 7.25207 1.51448 4.27813 1.2215 0.0677925 -0.540658 
121 1 2.75473 5.16081 1.82231 -0.115188 -0.891954 -0.2738 
122 1 4.2062 8.92891 2.13002 0.685735 0.605348 -0.464289 
123 1 6.87531 4.09884 7.48159 -0.489057 -0.268595 -0.929404 
124 1 4.2975 6.7613 4.09423 -1.79878 0.111356 0.0784043 
125 1 0.451333 2.24923 5.20791 -1.15107 1.01004 -0.50686 
126 1 8.26528 1.30186 2.67762 -0.303777 -0.0100316 -0.948239 
127 1 3.95139 9.39873 4.64117 -0.206783 -0.0678826 0.0785999 
128 1 4.16875 8.70821 4.01832 0.615777 0.0175352 1.44419 
129 1 7.14628 3.39466 0.275835 0.69056 -0.0922895 0.363661 
130 1 4.82406 7.72597 8.79653 1.23952 1.03144 0.989423 
131 1 4.63016 7.50176 0.300409 -0.524511 -0.501304 -0.176288 
132 1 4.2855 6.4014 8.54708 -0.480743 -0.659801 -0.032291 
133 1 7.56492 0.322082 6.03771 -1.76835 -0.446687 -1.02014 
134 1 4.83852 4.82119 3.61977 -0.471379 0.341999 1.62468 
135 1 4.84326 8.25554 2.42397 0.467979 -0.170445 0.0787063 
136 1 3.1987 1.81319 7.04644 0.415903 -0.109669 0.0610804 
137 1 8.52544 3.91735 6.09971 -0.558401 0.457289 1.07763 
138 1 1.67404 3.95129 2.76972 -0.0221417 -0.11875 1.10788 
139 1 0.471218 7.32145 6.73499 0.381359 0.490965 -0.968109 
140 1 4.34134 7.26051 2.23474 -0.385839 -0.0578494 0.18253 
141 1 8.37244 6.65305 6.49851 -0.158276 -1.10548 1.00613 
142 1 1.46404 2.66316 3.8553 0.646528 -0.624819 -1.36964 
143 1 6.01483 0.834178 8.09626 0.0676933 -0.106685 1.06865 
144 1 1.69951 4.6174 6.47705 -0.358804 -0.822923 -1.47278 
145 1 2.81597 2.2905 6.29739 -0.43669 0.559055 0.476125 
146 1 2.45139 4.56738 8.83191 0.980537 -0.849252 0.91972 
147 1 3.11126 0.983934 1.39499 0.712204 -1.57945 -0.965117 
148 1 1.47193 0.258146 7.20257 0.270558 0.0157733 0.223269 
149 1 6.43863 5.78252 1.17356 1.20548 -0.763776 -0.176751 
150 1 4.2986 7.06074 3.20437 0.633792 -1.22141 -0.428392 
151 1 6.90169 4.61512 2.02213 0.956125 1.68132 0.329948 
152 1 5.81122 7.5869 4.98985 0.231052 0.103957 0.382518 
153 1 6.51548 3.74475 2.22626 -0.0894722 -0.0952395 -0.539351 
154 1 3.45535 7.45812 3.22068 -0.07665 -0.169762 1.05889 
155 1 7.53823 8.58152 7.10572 -0.722152 -0.061324 -0.704843 
156 1 8.86543 3.46271 7.64736 0.787086 -0.508895 1.50797 
157 1 5.69285 8.65701 0.796549 -0.08424 -0.549107 -1.19926 
158 1 5.99638 3.59961 5.08906 -0.802257 0.432906 -0.589768 
159 1 1.14953 3.53928 1.11707 1.58583 -0.272058 -0.417963 
160 1 2.7929 2.94155 9.01119 -0.199266 0.685033 -0.0942599 
161 1 1.53134 7.913 1.57909 0.47286 -0.797485 -2.09693 
162 1 1.91041 4.14797 7.92168 0.24336 0.822586 -0.2038 
163 1 7.34455 4.27493 4.12125 -0.314707 -1.14809 -0.5281 
164 1 1.08247 8.03242 0.648133 0.781367 0.43163 -1.58747 
165 1 2.31845 0.187397 3.70588 1.269 -0.289226 0.556097 
166 1 1.3465 4.9069 8.34539 -0.527043 -2.00992 0.0367797 
167 1 0.999461 2.52146 5.9105 -0.656894 1.20631 0.295169 
168 1 7.8162 0.0554821 3.30522 -0.345775 -0.0443245 -0.801606 
169 1 0.702556 4.32071 8.83023 -0.545139 -0.099555 -0.381416 
170 1 1.86595 6.92855 1.53088 0.102042 -0.263893 0.275183 
171 1 2.96559 5.04325 5.43539 -0.41362 0.6625 0.727546 
172 1 3.95687 1.11899 0.799851 0.604054 0.32176 0.553046 
173 1 3.03907 0.812944 2.34569 1.18566 1.38845 -0.724658 
174 1 0.370777 8.73073 6.40672 -0.547869 -0.561175 -1.18601 
175 1 1.80921 5.18466 1.779 1.30157 -0.3349 0.901725 
176 1 2.10481 1.29981 0.181716 -0.117816 0.12224 0.373621 
177 1 1.2455 3.09487 3.01516 -0.309953 0.197222 -1.57547 
178 1 8.50393 9.34138 5.73763 0.690164 -0.860494 1.22878 
179 1 2.93093 1.89859 7.95753 0.994606 -0.592779 0.402454 
180 1 3.78993 7.18851 5.83049 -0.836039 0.199208 0.0329586 
181 1 5.86165 8.87597 3.87551 -0.109982 -1.93017 0.364726 
182 1 4.50381 1.43514 4.86657 -1.26386 -0.837046 -0.0058007 
183 1 8.4226 4.26066 7.98183 -0.0639432 -0.126664 -0.772078 
184 1 7.91926 2.2492 8.49289 -0.0571916 -0.860806 0.689955 
185 1 5.38251 2.09902 0.193759 1.05763 -0.278986 0.490802 
186 1 5.77844 8.72867 2.27381 0.305934 1.11475 -0.158159 
187 1 7.38042 0.0603537 4.13974 -0.651683 0.699194 -0.352789 
188 1 7.63668 2.99046 5.4778 -1.36996 -0.792114 1.44275 
189 1 4.94062 7.91652 4.81631 0.0685651 -0.531244 -0.728549 
190 1 0.546084 4.77087 0.506332 0.0217275 -0.837576 -1.75929 
191 1 4.04966 7.73759 4.04167 0.569744 0.482577 0.476524 
192 1 4.43561 5.52941 8.12749 -0.403081 -0.180879 -0.437891 
193 1 2.95797 4.12459 1.30604 0.233959 -0.300456 -0.707129 
194 1 7.59671 2.14299 2.60107 -0.610979 0.757585 0.75231 
195 1 5.07035 1.60677 1.98589 0.143227 -0.734494 0.564278 
196 1 3.65969 8.28888 5.82394 1.95882 -0.852377 0.290879 
197 1 7.46076 7.4147 8.63652 0.0394494 -0.858589 -0.121634 
198 1 2.54572 3.69653 2.52301 -0.0495727 -0.256194 -0.970938 
199 1 3.96999 1.24947 6.90783 0.128964 1.31902 1.98104 
200 1 2.78515 3.73518 7.46651 -1.17147 1.93352 0.295485 
201 1 5.35287 3.68231 0.580872 -0.969179 -0.368713 -0.446513 
202 1 4.21784 4.41701 6.85778 -0.800493 -0.80846 -0.382543 
203 1 5.42187 3.42835 7.59401 -0.336128 -1.22777 -0.181142 
204 1 2.49032 0.748542 5.58869 -0.141791 -0.309635 0.815402 
205 1 7.59516 0.655297 8.14673 0.723584 -0.0299404 -0.399686 
206 1 7.56407 0.720123 1.23061 0.827519 0.781876 -0.121353 
207 1 2.79447 2.64785 2.36908 -0.606942 0.0862535 0.109892 
208 1 6.10441 0.475637 5.21676 -0.841527 -0.338317 1.84505 
209 1 5.74677 1.81218 4.83109 -0.280474 0.440193 -0.0616125 
210 1 0.628261 4.64581 6.28598 -1.40784 -0.311823 1.2798 
211 1 4.75171 5.66186 1.24969 -0.126985 -0.377745 1.23371 
212 1 7.30992 8.20991 7.93992 0.250324 -1.94269 -0.839375 
213 1 0.107847 5.8662 8.37936 0.597539 0.615161 0.00176145 
214 1 7.82374 8.64243 3.94997 -0.347478 0.00455354 -0.280994 
215 1 6.37343 7.00697 8.98909 -0.592039 0.344246 0.0017314 
216 1 0.181341 0.42854 2.54858 -0.165061 0.984585 -0.0359087 
217 1 5.48773 7.21038 0.0327879 -0.557672 -0.251461 -0.868959 
218 1 6.0948 7.82876 0.406395 -0.288017 -0.195171 0.0814518 
219 1 8.26601 4.44351 8.91184 -0.297229 -0.844604 -1.10873 
220 1 4.44466 5.46841 4.27214 -1.43291 0.404414 0.126066 
221 1 3.31381 7.18703 4.2414 0.450159 1.97636 0.894487 
222 1 6.19054 1.49308 1.53876 -0.91175 0.80386 0.785033 
223 1 4.97802 3.87075 6.72422 1.14915 0.211712 -0.10504 
224 1 8.97745 0.142345 1.79508 0.308488 0.00549838 -0.302878 
225 1 6.46782 4.81113 1.19545 -0.54481 0.290621 -0.269953 
226 1 6.80283 0.608062 7.53066 -0.48765 1.46906 -0.419884 
227 1 5.04046 9.30982 2.43421 -0.118559 -0.810347 1.60473 
228 1 4.21651 2.17412 5.43369 -0.58922 -0.496272 -0.27582 
229 1 5.22712 7.87155 7.94302 0.320009 -0.616408 0.0305188 
230 1 2.89816 4.41055 0.317687 1.3532 -1.36461 -1.083 
231 1 5.96716 5.16189 3.73252 0.725034 1.53679 -0.565035 
232 1 3.76097 3.0591 8.72201 1.33454 -0.739855 0.00640826 
233 1 1.38845 3.29108 6.32003 -1.3193 1.17584 0.582123 
234 1 3.64283 1.38104 5.37966 0.694722 0.799653 0.864401 
235 1 0.258414 3.59025 8.2797 1.13611 -0.455935 0.683717 
236 1 7.31642 8.77742 4.77713 -0.194748 1.01098 -0.380051 
237 1 4.24577 5.8411 2.02472 0.147486 0.475968 0.323159 
238 1 5.58701 4.60882 6.65058 0.520558 1.32701 2.00128 
239 1 6.38971 3.25286 7.44034 -0.383571 0.714393 0.699115 
240 1 2.84292 6.85264 1.56559 1.28471 0.771914 -0.777768 
241 1 5.3036 2.17169 2.73478 0.0479337 -0.904941 0.332879 
242 1 4.49915 8.66169 6.31711 -0.276828 1.21766 -0.205378 
243 1 5.56719 1.38597 8.81401 0.123779 0.254657 0.524317 
244 1 1.77001 9.24508 5.06518 -0.194696 -0.426879 0.753572 
245 1 4.3705 3.14658 6.75468 -1.20475 1.43353 -0.163305 
246 1 6.65733 7.70421 3.4536 1.12714 -0.209476 1.71258 
247 1 6.15616 5.25757 8.00569 -0.985123 0.970472 -0.555182 
248 1 0.587624 0.134626 6.9215 0.312515 0.87939 -1.26427 
249 1 2.52227 8.84228 1.48925 -0.145746 0.265471 -0.0517904 
250 1 3.79154 7.18199 0.541526 -0.241985 0.244041 0.63585 
251 1 1.35559 1.71726 1.7602 0.320274 -0.876685 -0.15937 
252 1 3.83775 6.37587 0.0168293 0.826738 -0.739561 0.674664 
253 1 0.363444 2.03285 1.79799 1.04835 0.00197775 -0.864224 
254 1 4.28751 0.932125 9.32582 -0.315261 1.15893 -0.211399 
255 1 2.87406 2.54326 1.25452 0.504799 -0.194131 0.00710843 
256 1 4.51704 8.06151 3.29596 -1.29634 -0.190342 0.898319 
257 1 8.05799 2.80975 1.38942 0.353613 -0.0706162 0.0321593 
258 1 0.987698 0.594509 0.956321 0.367691 -1.0937 0.38652 
259 1 9.26853 0.403039 7.45595 -0.241934 -0.277547 -0.240577 
260 1 0.0974888 0.773866 1.24982 0.297647 0.30546 1.32666 
261 1 2.76018 6.72294 7.59553 0.209607 -0.803515 0.21739 
262 1 7.58261 3.50556 7.32957 0.636083 0.529323 0.219316 
263 1 5.68688 2.16599 7.2899 0.439445 0.489229 -0.446045 
264 1 4.71069 1.41894 2.86798 -1.51071 -1.01887 -0.178391 
265 1 6.8952 0.632682 4.68632 1.34244 -0.00837979 1.00258 
266 1 6.85821 3.89596 1.33775 -0.0938615 0.290235 0.304356 
267 1 4.48477 3.59072 1.05899 -1.69915 -0.885848 0.0402689 
268 1 0.760034 3.30278 5.4249 -0.0237797 0.553466 0.546356 
269 1 1.45193 7.38024 6.77978 1.01675 0.418484 0.265796 
270 1 8.19465 0.21554 7.50371 0.225009 0.554488 0.264202 
271 1 6.29613 6.22432 2.07531 -1.02738 0.545236 0.0462986 
272 1 2.35632 4.60718 7.19384 -0.0394917 0.536185 1.69931 
273 1 1.31473 7.37864 9.3835 0.833881 0.117783 1.60443 
274 1 9.28864 0.367142 3.51192 -0.544641 0.190229 -0.478507 
275 1 6.61583 8.58377 7.39141 0.346979 0.241292 -0.117115 
276 1 2.47601 1.88724 3.59562 -0.681892 -0.00765593 -0.401082 
277 1 4.72248 8.79964 0.675626 -0.0151457 0.57973 0.84872 
278 1 6.66472 6.61605 5.52061 0.953824 0.753089 0.125016 
279 1 0.364623 6.62139 0.627915 1.00069 1.05085 1.11822 
280 1 1.04954 8.75754 1.3423 -0.674364 -0.770913 -0.890974 
281 1 7.45851 6.64883 6.11413 -0.216394 0.217681 -0.0195011 
282 1 2.83489 8.68185 6.31097 -0.409709 -0.29931 0.634623 
283 1 1.2226 8.44017 8.43195 0.077246 0.257614 0.253857 
284 1 1.74759 5.81816 0.273111 0.525117 -0.241718 -0.459621 
285 1 7.77978 7.34636 6.72364 -1.08557 -0.115496 0.274923 
286 1 6.99606 5.10248 7.54777 -0.00712718 -1.36645 0.00207512 
287 1 3.13459 0.764548 7.06159 -1.46869 -0.630694 -0.0649673 
288 1 2.1826 8.45627 8.46792 -0.44262 -0.0733796 1.61281 
289 1 8.85424 5.12083 8.13943 -1.69376 1.25415 0.157553 
290 1 0.422365 1.35746 4.76839 -1.22183 1.23092 -0.160769 
291 1 1.86192 3.1511 8.79392 -0.660889 0.326098 -1.34704 
292 1 1.92553 0.729608 8.7551 -0.116885 -0.709288 0.0993464 
293 1 2.5986 4.94465 3.90437 0.502605 0.447828 -1.2147 
294 1 8.51663 2.25006 0.71034 0.680804 0.341691 1.98116 
295 1 5.08793 8.36012 4.00902 0.369687 -1.00581 1.83817 
296 1 9.19436 6.71157 6.94887 1.35498 0.754034 -0.854173 
297 1 5.25706 3.60794 5.84956 -0.628184 -0.766575 0.605835 
298 1 4.25243 6.02465 3.42674 -0.125434 0.497589 0.510568 
299 1 2.84479 3.13618 3.20388 -1.01306 -0.163715 -0.31894 
300 1 9.0352 0.957059 4.25242 0.435668 -0.643897 -0.461125 
301 1 8.49134 2.74651 9.05436 -0.266229 -1.09428 -0.116375 
302 1 0.768573 3.04694 4.49416 -0.0449799 0.462523 0.432408 
303 1 5.1909 1.38272 4.19182 -1.46267 -1.20118 -1.41586 
304 1 1.76125 8.27406 5.09611 0.251797 0.482506 -0.347785 
305 1 4.20765 0.23063 0.706515 0.809727 -1.21764 -0.175212 
306 1 4.75741 9.28871 7.07226 0.603906 0.0373668 -0.889522 
307 1 7.6599 0.999359 7.21593 1.60642 -0.0971431 -0.344717 
308 1 5.44493 0.749989 2.70548 -0.000502645 0.385472 -0.209709 
309 1 4.01959 6.2173 5.77402 -0.83966 -0.329554 -0.196342 
310 1 3.14371 1.84 2.87494 -1.52073 1.61162 0.183689 
311 1 4.7435 6.61137 9.37883 -0.0644972 -0.0310823 1.65532 
312 1 1.37029 6.6292 0.545437 0.332703 -0.0932012 -0.327049 
313 1 3.79858 0.929978 4.53134 0.633489 0.202854 -1.0284 
314 1 2.69475 5.61876 2.67481 0.639706 -0.654762 -0.179522 
315 1 6.60914 2.6091 0.375388 1.62015 0.779049 -1.25263 
316 1 2.56729 7.70151 7.89483 -0.984468 -0.668048 -1.53843 
317 1 2.60508 6.17962 9.29315 -0.455051 -0.370012 -0.541443 
318 1 3.99468 3.39761 0.240126 -0.556663 -0.141207 -0.0670041 
319 1 9.3186 7.78161 8.64984 -0.411767 -0.443578 0.321088 
320 1 7.09991 0.103945 0.693675 -0.481488 -0.559581 0.783508 
321 1 3.94039 0.595674 1.59226 0.960705 -1.27777 0.664278 
322 1 3.94143 4.1257 1.7288 0.327579 0.29531 0.0620977 
323 1 3.26004 5.98041 1.93198 -1.23348 -0.499434 -0.529232 
324 1 1.98996 3.4245 3.53229 0.656874 0.275847 0.49749 
325 1 7.47299 1.41447 8.73787 0.00920426 0.126182 1.34227 
326 1 3.69564 6.05185 4.26726 0.749529 -0.1293 1.53571 
327 1 1.76578 2.10504 0.740857 -0.433555 -0.685453 -0.518216 
328 1 2.48679 6.81933 8.50889 -0.152472 -0.813454 0.602 
329 1 3.69706 8.08422 7.62532 0.597391 -0.0610351 0.37953 
330 1 3.10626 0.200309 3.1412 0.404047 0.107588 -0.176675 
331 1 7.03351 3.97216 8.96904 -0.46196 0.876532 -0.152653 
332 1 7.8435 6.40814 7.26263 0.360108 1.02952 0.281267 
333 1 3.25984 0.178366 0.899638 0.00302656 -0.10739 0.428972 
334 1 2.64768 5.91539 8.10359 -0.602833 0.513445 0.294888 
335 1 1.88842 8.28085 6.82796 -0.0533399 -1.07649 0.668888 
336 1 5.81352 7.16264 4.08271 1.32844 0.533882 0.6495 
337 1 7.5447 1.34499 1.99773 1.40533 0.484962 -0.177939 
338 1 7.22966 2.72979 6.9229 1.00224 -0.678825 0.698775 
339 1 1.02593 8.90531 5.58667 1.21372 -0.61639 -0.37423 
340 1 6.09199 0.495027 6.15809 0.0758899 -1.44056 -0.251216 
341 1 3.14367 2.82069 7.08051 -0.395509 -0.687656 0.333328 
342 1 2.95855 3.69372 6.53202 -0.046603 -0.602116 0.426259 
343 1 4.77129 1.11305 8.28086 -1.78192 0.377642 -0.359241 
344 1 9.19206 4.41259 8.64225 0.751818 -1.26298 0.917399 
345 1 8.61275 5.40623 5.90134 -0.459038 -0.0497755 1.28185 
346 1 7.10522 4.16585 2.88288 -0.154409 0.189891 -0.189028 
347 1 0.972912 1.63397 8.06358 0.193774 0.172509 -0.415464 
348 1 8.0592 0.284425 0.424327 1.7188 0.251973 -0.491642 
349 1 2.10216 7.73701 6.07075 1.81939 0.427365 -1.35096 
350 1 2.6546 1.03896 3.20347 1.44634 -0.0890398 0.0842482 
351 1 8.83573 8.51794 6.31143 -0.330221 0.819364 0.890759 
352 1 1.25123 1.27654 4.19589 -0.304397 0.508384 1.21203 
353 1 6.28463 3.57289 3.15563 0.394064 1.77212 -0.797135 
354 1 3.77699 5.75259 1.16777 0.0310529 -0.0785041 -0.954748 
355 1 1.61147 4.07874 8.82727 -0.967977 0.421206 -0.461752 
356 1 8.6938 7.11196 8.36674 0.498775 -0.0188862 -0.0760997 
357 1 5.07909 8.54506 1.5563 -0.533807 0.602773 -0.205881 
358 1 6.82478 5.31633 5.23039 -0.00893787 0.600186 1.06639 
359 1 5.56533 0.130838 4.4986 0.0554782 0.075203 1.28723 
360 1 6.69458 1.02079 2.19761 -0.743182 0.287496 0.370434 
361 1 5.98944 5.38791 0.428908 -0.474484 0.246302 0.258184 
362 1 6.83291 4.59857 8.30969 -1.51582 0.580398 1.30587 
363 1 4.48366 7.84674 5.6764 0.295011 -0.291741 -0.0881517 
364 1 4.40211 2.23025 2.36145 0.216135 -0.356972 -0.317696 
365 1 5.11392 6.62526 3.51348 -0.417093 -1.57365 -0.254944 
366 1 2.85275 0.284543 6.32086 -0.359178 0.421796 -0.232435 
367 1 8.60223 1.29303 0.41934 1.04988 -0.452091 -0.212914 
368 1 4.35695 1.69889 7.66831 -1.07185 1.45025 -1.03441 
369 1 6.57508 2.29001 1.27614 0.30963 0.210377 0.0421801 
370 1 0.260944 3.83128 4.6787 -0.258982 0.941511 -0.0668083 
371 1 1.24534 5.01951 9.27729 -0.663398 -0.018223 -0.642646 
372 1 8.66336 6.22465 8.69549 -0.608026 -0.76966 -1.0993 
373 1 4.31635 2.54648 9.32574 -0.752826 0.999169 1.14548 
374 1 5.3073 4.25173 5.15286 1.70017 0.835984 1.39239 
375 1 7.26422 9.19187 7.82259 -1.14523 -0.820832 0.271569 
376 1 5.1953 0.80273 5.95233 -0.514613 0.13495 0.088208 
377 1 3.66885 2.75359 2.82524 0.162943 -0.443878 1.39902 
378 1 8.12901 7.32443 5.80991 1.32158 0.290602 -0.431168 
379 1 3.24687 2.34436 5.39271 -0.992654 0.0433425 -0.619085 
380 1 2.15178 9.2081 6.71959 0.929516 -0.218961 0.587805 
381 1 8.99742 1.08201 2.05437 0.00674191 -0.0961224 0.119474 
382 1 0.794714 6.60412 9.17783 0.185561 -1.03154 0.098012 
383 1 0.75759 0.205617 7.92314 0.280381 0.0538991 0.846011 
384 1 8.40291 0.82283 3.50569 -0.185275 -0.904934 -0.272988 
385 1 5.10679 6.89058 8.52932 0.122585 -0.192954 -1.99443 
386 1 2.85412 7.35031 0.694423 -1.57008 -0.575088 1.04004 
387 1 5.94167 4.27565 7.51562 -0.494876 -0.183992 -1.0064 
388 1 9.31618 9.29962 4.38455 -0.529399 -0.476614 0.422135 
389 1 7.16486 7.14242 0.130165 -0.857362 0.732498 0.561977 
390 1 3.95937 9.01607 7.64708 0.143618 1.71694 1.34492 
391 1 5.65589 9.31009 1.50321 -0.495185 -0.634692 -0.955037 
392 1 3.6516 8.86562 0.301488 -0.126724 -0.0926224 0.325391 
393 1 0.515388 4.85041 7.20755 0.606635 0.863604 -0.376894 
394 1 1.10041 1.70738 6.34913 -0.0289266 -0.66752 -0.43685 
395 1 7.0294 5.94371 7.01878 -0.163808 -0.791444 -0.190855 
396 1 7.55112 3.95002 8.18214 -2.0106 0.532477 -0.565402 
397 1 2.52511 0.292299 4.66993 0.216953 -1.01063 0.331187 
398 1 3.90096 8.05722 2.58688 -0.212843 -0.943514 -1.629e-05 
399 1 5.22289 5.04658 8.26006 -0.296506 -0.91673 -2.01731 
400 1 0.872037 4.20746 7.85679 -0.585411 0.43613 0.503652 
401 1 1.67462 0.215512 5.94512 0.185217 -0.141779 0.254717 
402 1 4.80171 8.94654 4.67957 0.511184 -1.25289 0.815766 
403 1 1.55401 3.12054 0.315973 0.0573975 -1.18362 0.0542194 
404 1 6.12592 1.76806 8.13226 -0.490907 -0.894575 1.98858 
405 1 8.66496 0.399013 4.91854 -0.592771 -0.681238 -0.192797 
406 1 1.28181 3.42154 8.12996 -0.520339 -0.17076 0.31546 
407 1 3.66854 0.771412 6.12472 0.370407 0.195487 -0.575804 
408 1 3.27337 3.80747 9.07123 1.99359 0.163329 -0.388929 
409 1 2.94553 4.53154 7.96804 -0.364125 0.576327 0.101957 
410 1 2.14134 3.76501 0.888505 0.763163 -1.3179 -0.220299 
411 1 5.3105 2.94306 6.69489 0.246333 0.242407 1.45401 
412 1 2.78334 3.60393 4.04732 0.417384 0.586916 -0.503179 
413 1 2.42922 0.348549 1.7085 -0.157912 -0.747949 -0.772549 
414 1 1.85823 7.0053 7.76395 0.779069 -0.732579 1.13167 
415 1 3.04136 3.49901 0.543103 1.00963 -0.919987 -0.180489 
416 1 8.36104 7.68372 9.04059 -0.0548891 0.217376 0.89663 
417 1 2.70173 3.10146 5.81245 -0.388907 0.654115 0.341234 
418 1 8.45326 7.14587 7.41034 0.355273 0.837138 -0.633031 
419 1 3.76928 1.9903 4.60854 -0.494042 -0.0943278 1.32808 
420 1 6.40381 0.273181 3.87035 -0.151515 -0.0607441 -0.0321756 
421 1 5.1865 1.97283 8.11077 -0.686664 -1.38248 -0.638891 
422 1 0.351946 9.3212 0.883269 -0.523949 -0.960413 0.902691 
423 1 3.01547 1.76193 1.9273 -0.940827 0.136536 2.59604 
424 1 4.52748 4.82237 8.90428 -0.753413 1.5609 -1.62674 
425 1 8.20102 0.916086 9.04252 -0.800671 -1.08634 0.340303 
426 1 3.53962 1.1908 7.78707 0.989744 0.833167 0.493501 
427 1 3.34704 7.20556 8.24115 0.0653174 -0.270864 -1.24181 
428 1 9.02589 3.31053 6.64958 -0.128676 0.514365 0.11542 
429 1 5.10101 3.34796 4.82988 1.68743 -0.171891 -1.61676 
430 1 6.52131 6.01964 9.37103 0.488294 -0.564311 -0.0322531 
431 1 9.38235 9.02953 5.54719 1.04659 0.413752 0.511623 
432 1 3.96937 4.59999 2.62545 0.573075 0.891872 -0.807854 
433 1 8.9945 8.25156 7.87514 -0.128838 0.50211 0.307663 
434 1 2.13003 8.3254 2.21961 1.18967 1.36595 0.0822342 
435 1 0.988924 9.24735 8.88843 -0.630545 -0.608792 0.771772 
436 1 3.81035 6.68662 1.6068 -0.108977 1.116 -0.487985 
437 1 4.28924 0.586609 7.62271 0.0102765 1.1736 0.930951 
438 1 3.29418 9.35771 1.85149 -0.629954 -0.630704 0.330894 
439 1 7.50313 3.82702 2.03961 -0.895851 0.91075 0.057387 
440 1 2.46186 1.74266 5.49073 -0.599529 -0.885248 -0.639362 
441 1 8.66594 8.54673 8.70851 1.48799 -0.498983 -0.0712797 
442 1 7.49686 7.04075 4.23087 -0.400473 -1.04251 -1.47728 
443 1 8.10362 9.07167 6.53659 0.821008 1.09827 0.245622 
444 1 8.46769 4.35476 0.888967 0.189949 -0.124777 0.132387 
445 1 0.115323 7.8843 6.02687 -0.0856366 -1.22828 0.184115 
446 1 5.16164 0.291814 0.724808 1.28048 -0.424244 -0.457129 
447 1 2.1863 8.80111 7.58658 0.129653 0.20783 -1.22339 
448 1 3.01616 4.07222 5.63468 -0.0136691 0.81277 -0.391161 
449 1 7.71533 1.28478 6.2912 -0.22463 -0.748498 0.175301 
450 1 1.15459 0.636863 5.19626 0.167082 -0.327643 0.221822 
451 1 0.906192 8.14038 6.99139 -0.32266 0.233885 -0.377422 
452 1 6.31504 1.39638 7.27108 0.0378557 -1.40002 -1.52912 
453 1 2.87271 4.4019 4.68703 1.08512 -0.290922 1.264 
454 1 0.118707 8.76427 1.65597 0.142815 -0.411001 0.110643 
455 1 3.35267 7.6579 5.13025 0.429986 0.796626 -1.14711 
456 1 3.28781 4.5105 7.04814 0.844665 -0.24534 0.471541 
457 1 2.15548 3.86122 6.10079 -0.321112 0.49998 -1.8053 
458 1 1.92761 5.61762 7.20707 -0.66831 -1.16759 0.154729 
459 1 9.27326 5.24054 6.60929 -0.719228 0.855449 -0.97233 
460 1 6.63728 2.30962 7.54826 -0.663365 -0.375179 -0.103695 
461 1 4.06755 8.10068 0.759924 -0.564948 0.307114 0.195176 
462 1 6.93302 2.19183 8.48802 0.252088 0.875832 -0.201533 
463 1 0.149188 1.05181 8.14545 0.936304 -0.391724 0.37273 
464 1 7.60179 2.28412 7.63736 -0.474748 -1.46028 -0.030614 
465 1 8.03378 9.29667 1.38504 1.01452 -1.40901 -0.635546 
466 1 0.343085 3.54528 7.29561 -1.16282 -1.00201 -0.393272 
467 1 6.81255 3.49488 6.6117 0.560671 -0.393388 -1.2683 
468 1 3.66957 1.87478 6.19386 -0.286172 -1.40814 1.16332 
469 1 4.3161 5.61072 0.374777 0.844554 1.27029 1.04049 
470 1 7.43193 2.17959 1.63492 0.319548 -1.63701 -1.3177 
471 1 5.86159 4.46334 0.554124 1.18313 1.2407 1.38387 
472 1 2.22097 1.73368 2.66804 0.189204 0.346547 1.12746 
473 1 1.83417 3.27133 4.48862 -1.06621 -0.621447 -0.173528 
474 1 6.57649 2.2088 4.43932 -0.41255 0.513552 -0.80456 
475 1 2.2268 7.15104 9.37282 0.815214 0.57655 0.52709 
476 1 0.0756676 2.86161 5.91501 0.430406 -0.506527 1.20632 
477 1 8.2912 6.33788 5.61897 1.03044 -0.599741 -0.138615 
478 1 1.68485 1.17403 5.83515 -0.0061383 0.300286 1.28888 
479 1 4.92441 9.26572 3.77625 0.020553 -0.0267131 -0.362281 
480 1 0.283289 2.66196 9.00684 0.241245 1.0114 1.12919 
481 1 2.19407 5.09697 7.99147 -0.454177 0.698513 -0.451661 
482 1 3.25407 6.45975 0.791062 -0.469504 0.635183 0.63402 
483 1 2.26978 1.10808 4.0679 0.167252 0.288287 0.556744 
484 1 0.146783 0.246318 8.65287 0.332625 -0.682426 0.637738 
485 1 8.4344 8.18236 0.87372 -0.142569 -0.00586728 -0.346566 
486 1 6.96062 5.25354 0.454568 -0.480586 0.760068 -0.00366347 
487 1 7.09269 8.86285 6.30925 -0.941547 -0.608732 0.439616 
488 1 0.53491 1.20344 5.72557 0.790875 0.472049 -0.99822 
489 1 5.91166 4.01994 1.42464 -1.04357 -0.922405 1.55537 
490 1 3.12709 8.36507 0.911697 -0.497455 0.80327 -1.27727 
491 1 6.31589 0.840636 3.07891 -0.144752 1.29991 0.671635 
492 1 4.15246 4.57222 7.94696 0.350575 0.461091 0.990453 
493 1 2.66188 0.959979 8.15878 -1.14717 0.270775 -0.792345 
494 1 5.95882 1.32915 5.67631 0.251248 0.825873 -1.85215 
495 1 6.22289 5.12093 6.06859 0.780013 -0.855814 -0.125203 
496 1 5.51776 5.11234 2.86342 0.159674 0.632834 -0.632744 
497 1 2.35613 2.62044 5.02709 0.723284 0.918071 -0.600153 
498 1 0.884381 9.24513 4.65786 -0.10118 -1.17632 0.223618 
499 1 1.14019 8.99472 0.399468 -0.400048 -0.0732293 -0.534747 
500 1 6.81395 8.74554 3.86905 -0.717003 -0.940084 -1.50149 
501 1 6.13857 2.16553 9.0231 -0.101654 0.514782 0.600791 
502 1 5.73086 3.51942 4.00456 -0.22035 0.234893 -0.712152 
503 1 0.619572 1.10386 2.00427 -0.0720379 1.15713 -0.743763 
504 1 2.39199 0.623167 0.817737 0.0881788 0.056343 -0.60296 
505 1 1.20809 8.82098 7.54309 0.449124 -0.159423 -0.454817 
506 1 6.65982 6.81413 3.84816 0.565044 0.346918 0.0534348 
507 1 6.29812 8.52637 3.08051 0.381144 -0.297415 0.258439 
508 1 8.71705 1.70887 3.72373 -0.361888 0.842199 -0.389379 
509 1 2.30024 6.56546 0.738847 0.426354 0.111089 0.873818 
510 1 6.92405 2.70768 6.02242 -0.196564 1.87227 -0.0332571 
511 1 6.86549 0.901298 6.62836 -0.44947 1.67057 -0.97282 
512 1 4.63689 0.511837 3.13267 0.311388 -0.00595304 0.266256 
513 1 1.42165 5.10173 0.835606 -1.64862 -0.120137 -0.917582 
514 1 9.06028 4.55076 0.153442 0.304387 1.81772 0.644446 
515 1 3.88977 8.90542 1.24328 0.0164004 0.895522 -0.961212 
516 1 4.91247 2.83293 0.609723 -0.645796 -1.28693 0.152584 
517 1 5.74591 2.30061 1.83474 0.0969732 0.34803 0.528861 
518 1 2.66157 5.7356 1.05862 1.14008 -0.0924227 0.0723656 
519 1 6.42843 4.77805 9.18331 -1.30524 0.100831 -0.619977 
520 1 2.52539 1.64509 1.05681 1.25906 0.361259 0.345035 
521 1 6.23372 5.27801 7.01672 0.829564 0.486973 -0.493023 
522 1 2.42814 2.72218 4.02422 1.5664 0.422886 -0.0995024 
523 1 6.56803 8.26272 5.10112 -0.262651 -0.0842462 0.542109 
524 1 8.18084 7.82523 8.10696 0.167994 -0.859428 0.172097 
525 1 6.57051 0.615491 1.34202 -1.40881 0.662338 -0.270888 
526 1 3.49419 7.57838 1.35592 0.914522 0.310271 0.00988996 
527 1 8.90918 6.39489 7.79039 -1.11042 -0.779819 -0.399408 
528 1 8.63335 5.8739 6.99614 -0.871396 -0.0670101 -0.30269 
529 1 0.298187 5.18667 9.07965 0.90117 -0.700128 -0.449848 
530 1 1.38606 2.24534 2.53746 -0.0768204 0.209486 -0.164541 
531 1 3.12623 4.36975 2.19491 -0.0407174 -0.737094 0.0477731 
532 1 9.13513 6.11941 6.19749 0.0263479 1.0523 0.169278 
533 1 5.37823 1.75549 1.09042 0.182222 -1.01107 -0.553434 
534 1 2.15603 2.20807 1.81067 0.739262 -1.85624 -0.0010143 
535 1 5.1929 8.62541 8.68157 -0.938348 -0.577131 1.80187 
536 1 6.45267 3.70692 8.25481 -1.7705 -0.45994 -0.933847 
537 1 7.15247 0.821046 3.62369 1.31849 -0.107944 -0.0603882 
538 1 1.50102 2.43552 6.77548 0.204916 1.07392 -0.630383 
539 1 5.76269 2.99287 0.0289438 0.437437 -0.343527 0.356259 
540 1 4.49593 3.74205 7.5424 0.048981 -0.61546 0.660359 
541 1 8.75053 7.53518 6.53427 -0.863407 0.0986217 -0.39447 
542 1 0.790676 5.76082 0.322355 0.659067 -1.05013 0.393017 
543 1 1.47655 0.675294 1.79046 -0.686163 -0.161096 0.623815 
544 1 6.40651 2.86303 3.78325 -0.288958 0.962247 0.0479109 
545 1 4.43249 1.34447 6.05541 -0.279004 -1.5445 -0.51935 
546 1 6.0304 4.19821 5.84601 0.408657 -1.30882 0.522198 
547 1 1.03597 4.07889 6.91425 0.58489 0.473057 -0.846893 
548 1 5.28176 2.68985 5.5007 -0.705188 -0.487673 -0.168178 
549 1 2.6884 8.24467 5.47893 0.251089 -1.3694 -0.637773 
550 1 8.48526 8.19598 5.48886 -1.70324 1.57782 -0.482524 
551 1 4.84338 3.90485 1.94991 -0.186592 -0.00012674 -0.0786008 
552 1 4.29188 7.41494 8.05908 -0.407973 0.196795 -0.0835706 
553 1 3.8636 1.36769 2.31885 -0.105986 -0.676627 0.167575 
554 1 1.90191 4.47362 0.262537 -1.32644 0.409656 -0.495151 
555 1 2.50419 7.74465 4.65363 -0.886623 -0.583941 -0.0134596 
556 1 2.91031 1.14363 4.81228 -0.04543 0.347154 -0.349663 
557 1 7.19185 1.77959 6.93304 0.329747 0.962447 0.0470994 
558 1 6.05764 5.86528 5.48639 0.398951 -0.54056 -0.108193 
559 1 7.45589 6.01038 5.3542 0.412939 -0.409679 -1.09392 
560 1 7.45489 4.1674 6.58555 0.980597 -1.42853 0.695002 
561 1 7.68855 3.99393 5.68778 0.407009 -1.15903 0.485099 
562 1 4.57974 2.79808 3.12647 1.0286 0.321009 -0.444407 
563 1 3.12646 4.84073 3.04194 -0.362588 0.411862 -2.11066 
564 1 5.92944 1.5187 2.44107 -1.11269 0.958129 -1.01617 
565 1 1.52095 1.78463 3.4114 -0.239316 -1.01461 -0.365311 
566 1 2.66516 4.66254 6.29695 -1.17103 -1.55541 0.730956 
567 1 4.43972 9.2877 9.26362 0.433766 -0.455056 -0.825139 
568 1 7.17869 4.99304 3.46745 1.44894 0.464693 0.0938282 
569 1 1.99123 5.49482 8.82392 0.668792 1.10019 -1.09746 
570 1 8.18063 4.76587 6.45573 -0.058936 -0.498265 0.792115 
571 1 6.44446 1.51215 3.76589 0.622406 -0.252928 -0.260792 
572 1 8.97192 2.16202 5.54727 0.756747 -0.0438014 1.82359 
573 1 4.41245 8.37582 8.21134 -0.460047 0.281687 0.755834 
574 1 3.53302 8.36752 3.44371 0.490961 -0.414316 -0.777373 
575 1 2.48279 1.64815 8.79071 0.0590348 0.654861 0.0231676 
576 1 1.70281 9.1693 2.01386 2.35566 -0.561396 -1.00484 
577 1 4.5833 9.30273 8.32486 -0.213534 1.25064 0.0301256 
578 1 2.28945 4.71546 2.55903 -0.731006 -0.0468049 0.690451 
579 1 8.29849 8.89795 4.83609 -1.71305 0.377315 -0.181254 
580 1 6.94527 7.81889 0.848388 -1.07758 1.50966 0.198098 
581 1 5.9359 7.04545 8.11067 -0.646327 0.19621 -0.945136 
582 1 3.54324 3.31437 1.28785 -0.269541 1.75942 1.35734 
583 1 8.02021 3.03304 0.451423 -1.48807 -0.0810179 -0.637094 
584 1 5.94829 4.36562 4.38964 0.350052 -0.958693 1.40842 
585 1 0.376668 7.45882 0.109954 0.269275 -0.0272006 0.636982 
586 1 1.51191 0.84074 7.91486 -0.579541 0.374602 -0.260096 
587 1 4.21327 1.72813 1.52164 0.457926 -0.301996 1.58915 
588 1 3.46542 6.55929 3.475 -0.572789 -1.48976 0.877116 
589 1 5.1376 5.67624 5.20963 -0.69119 1.01638 0.0235591 
590 1 5.31354 5.0974 4.43085 0.227487 -0.477069 1.44748 
591 1 5.61501 4.30541 3.4306 0.492131 -0.564815 0.571969 
592 1 6.88221 6.82897 8.04579 0.580755 0.0512261 -0.904875 
593 1 9.18218 1.18961 3.01884 0.932262 1.28842 0.0287428 
594 1 1.39866 1.24706 2.58783 -0.573231 -0.153217 0.580456 
595 1 8.62137 1.06344 7.32976 -0.0262849 0.887391 0.232715 
596 1 4.79697 1.00419 1.22917 0.772898 -0.307092 0.293689 
597 1 7.89102 6.65626 8.19441 0.294129 -1.19666 0.914107 
598 1 7.07181 2.96352 2.03583 0.275057 -0.812827 0.174663 
599 1 3.20842 9.11009 4.06072 -0.275137 0.281537 -0.912563 
600 1 0.571928 2.80742 6.70524 -0.894574 0.516786 -0.615707 
601 1 4.78021 6.35706 2.66054 0.714685 0.0629692 1.96315 
602 1 4.01684 7.25738 8.98753 0.532407 0.252404 0.515387 
603 1 8.22315 1.6836 4.58112 -0.404431 -1.14686 0.280771 
604 1 4.39939 3.52566 4.15527 1.00065 0.371342 0.714444 
605 1 4.29206 3.11855 1.85697 -0.87292 0.926519 0.681941 
606 1 6.0949 2.90342 2.46144 1.01545 0.0264091 -0.812694 
607 1 8.7544 5.32152 9.03813 -0.394362 -0.180766 -1.02617 
608 1 8.11272 8.73302 7.88623 -0.278071 1.9806 -1.49165 
609 1 9.06562 0.453845 0.418275 0.37005 1.22968 0.689369 
610 1 7.51657 4.6739 4.96865 -0.75755 -0.0264747 0.663823 
611 1 0.700772 2.02683 7.22178 0.00434883 1.41021 0.262701 
612 1 1.59927 0.422097 4.32078 0.96923 -0.642167 0.0495781 
613 1 4.8799 1.78068 6.88505 0.682358 0.929512 -0.130916 
614 1 3.36938 7.32839 2.25452 -0.125973 0.958748 -1.138 
615 1 5.18934 2.58914 8.80307 -0.559316 -1.23993 -0.831119 
616 1 4.00154 1.94219 3.22594 0.621235 0.300629 0.25203 
617 1 3.66002 5.57154 2.72711 -0.343433 -0.827594 0.562331 
618 1 3.79556 4.82444 0.165661 0.0673171 -0.0675445 -0.3379 
619 1 8.76494 8.9077 7.19674 0.698599 -1.25263 1.08637 
620 1 6.233 2.24673 5.51926 0.111953 -0.357468 0.551196 
621 1 7.83545 5.41862 7.22988 -1.95355 -0.500962 -0.632239 
622 1 7.20514 5.08571 6.60725 -0.0934998 -0.355287 0.0240813 
623 1 5.2024 8.82941 7.77301 -0.425381 -0.833066 1.57509 
624 1 7.1855 0.215354 1.95237 0.52163 -0.0414447 1.57763 
625 1 5.58968 1.47035 3.32071 1.21197 0.83394 0.062966 
626 1 5.30136 4.28996 9.1773 0.474244 -0.838262 0.623484 
627 1 6.80978 4.26887 0.466255 2.03879 -0.361168 -1.23484 
628 1 3.93491 2.93739 7.7094 -2.18385 1.27825 -0.192677 
629 1 2.51115 8.73066 4.64156 0.937945 -0.236037 0.523348 
630 1 5.965 6.58158 4.81675 1.04917 -0.110176 1.08411 
631 1 1.39149 2.5821 5.02577 0.198613 -1.63155 0.688785 
632 1 2.42011 2.81821 0.484217 -0.112462 0.590011 -1.34829 
633 1 7.02741 1.48263 1.07597 0.488036 0.432159 -0.11694 
634 1 9.12886 0.0343577 6.51179 0.608036 0.314626 0.352734 
635 1 2.47338 8.09941 0.258702 0.11844 0.801664 -0.0233937 
636 1 1.10317 1.27312 0.237819 0.536846 -2.57923 -1.02299 
637 1 9.02581 1.59959 1.23662 -0.787942 -0.247454 -1.19286 
638 1 3.62802 4.7083 6.11317 -0.501099 0.725257 -0.658519 
639 1 0.209603 1.95873 6.25093 0.822674 -0.43244 -1.13508 
640 1 0.536303 4.48303 5.33465 -1.0724 -0.0545461 -0.503702 
641 1 8.28271 8.77815 0.140217 0.381152 0.320946 -1.08713 
642 1 4.93312 7.45229 3.89135 0.203878 0.252102 -2.06228 
643 1 3.95759 0.574931 8.52154 -0.464316 0.420525 1.14958 
644 1 5.96106 4.94659 5.14455 -0.174588 0.435126 -0.471168 
645 1 1.50021 1.58931 8.85312 0.109341 -0.0900179 -0.170279 
646 1 8.72583 3.4232 1.08176 -0.658398 -0.0797499 0.428538 
647 1 9.07729 2.79046 8.29087 -0.128896 0.477487 -0.194149 
648 1 5.99107 2.71622 8.16902 0.490281 -0.0889148 -1.69013 
649 1 9.11991 0.664689 5.82563 -0.710482 -0.549575 0.276442 
650 1 0.970321 7.23367 1.14698 0.808912 0.617023 -0.475528 
651 1 3.3582 1.52735 3.87389 -0.0514731 0.371905 0.867593 
652 1 4.97275 4.13235 8.28513 -0.937132 -0.870936 -0.123563 
653 1 6.0127 8.48971 8.15819 -0.252932 -0.357003 -0.0477514 
654 1 6.2146 8.04229 4.2266 -0.388543 -0.345372 0.267431 
655 1 7.83584 3.45531 8.96071 -0.282425 -0.320635 -0.657159 
656 1 4.8211 2.62236 7.48687 -0.0199338 1.10539 0.444943 
657 1 5.58996 2.90739 3.24537 -0.691241 -0.875137 -0.121012 
658 1 4.03668 7.76908 6.58396 0.139273 0.956133 -0.585953 
659 1 9.26605 2.6658 7.31498 0.480554 -1.63208 -0.746082 
660 1 3.61831 2.83438 6.22469 0.991554 0.0319606 -0.20784 
661 1 4.86383 3.39418 9.22582 0.777436 0.106645 0.420192 
662 1 5.58607 2.16038 6.2522 -0.319462 -0.237309 2.83543 
663 1 6.84409 8.76451 8.57529 -0.660536 -0.654792 1.01438 
664 1 1.86982 1.97742 4.41886 0.710333 0.336072 -0.45999 
665 1 1.00556 2.49137 1.16799 0.0505606 1.01577 1.63709 
666 1 4.67145 3.22444 8.30086 -1.90419 -1.54284 0.812216 
667 1 5.78015 2.61385 0.903868 -0.013656 0.0202325 1.66073 
668 1 4.33195 6.44416 0.838794 0.993627 0.597003 0.484328 
669 1 3.14115 6.99403 9.24358 0.296078 -0.914652 1.5681 
670 1 3.60013 8.07213 8.57966 0.722957 -0.363161 0.335155 
671 1 4.86393 2.03156 3.60244 -0.594721 -1.54785 -1.50111 
672 1 6.19469 1.75291 0.558692 -0.141757 1.27151 0.00080493 
673 1 3.69283 5.07913 1.85052 -0.595188 -0.164731 -0.794677 
674 1 0.990863 2.23383 0.171039 -0.175667 0.76406 -0.753954 
675 1 9.19865 5.42246 0.520193 0.307514 -1.95776 0.0980882 
676 1 5.14937 5.68331 3.5291 0.122128 1.45765 0.0404083 
677 1 5.82042 5.43055 8.8929 -0.905507 -0.979369 -0.382387 
678 1 3.67825 8.61502 6.79539 -0.055693 1.08498 -0.356964 
679 1 6.10441 5.67959 4.54415 0.0791272 0.996892 0.918822 
680 1 1.62911 8.26354 9.28347 -0.491996 0.999243 -0.753363 
681 1 0.0362693 9.03195 0.011321 0.154143 0.324573 -0.00801253 
682 1 3.84361 3.77842 6.18014 1.12595 -1.45381 1.28106 
683 1 8.16463 1.82119 6.98045 0.0486462 -0.062557 0.853047 
684 1 4.19525 7.29478 4.89006 -0.931108 -0.619766 0.0321734 
685 1 3.58576 9.21044 6.02044 -0.675425 0.0931296 -0.896934 
686 1 1.16616 8.08351 6.08728 -0.512993 -0.161096 -0.0116543 
687 1 8.02332 1.46708 7.94805 1.073 -0.0377341 -1.37445 
688 1 7.33209 0.511209 9.15448 0.584165 -1.78874 -1.87025 
689 1 4.2566 3.60365 2.66882 -1.51071 -0.150717 -0.618193 
690 1 0.230381 8.71859 8.48359 -0.255902 0.230325 0.212447 
691 1 2.6392 3.52109 4.96431 -0.066625 0.798674 -0.21787 
692 1 5.81617 9.38219 8.59913 -1.68405 -0.0622292 -0.263244 
693 1 1.1722 2.46702 8.63394 0.264595 0.692858 1.97209 
694 1 7.53598 1.20607 5.11897 0.983633 0.000125511 -0.132031 
695 1 5.24675 8.19697 0.0997243 -0.450996 0.0276773 0.701791 
696 1 9.20009 1.74412 7.10504 0.261127 -0.0469585 -0.854213 
697 1 9.14751 5.0309 5.05964 -0.739605 1.85063 0.308405 
698 1 6.89 6.30296 4.63899 0.880288 1.27056 0.827805 
699 1 0.670661 0.160043 1.76102 -0.373422 -1.98432 1.27576 
700 1 7.7143 0.240083 5.07021 0.407594 -0.385258 1.53242 
701 1 2.09483 0.567082 2.57904 -0.816431 -0.0213343 -0.234998 
702 1 4.19543 3.93243 8.81694 1.77799 0.472728 1.14364 
703 1 8.79691 2.38053 6.49752 1.62659 -0.0161941 -0.543843 
704 1 8.12245 5.05895 0.30757 0.353996 0.359499 -0.228902 
705 1 1.45023 4.8116 7.39719 -1.21409 1.13482 0.648581 
706 1 1.71911 6.4539 8.96584 0.201625 0.78329 0.658572 
707 1 4.54533 1.87043 0.618774 1.49455 0.613519 1.24977 
708 1 3.7179 9.03566 8.64641 1.75161 -0.74215 0.516271 
709 1 8.3466 0.593582 6.55651 0.879383 -1.01755 -1.44647 
710 1 4.63935 2.3817 6.22923 -1.21131 -0.568019 -0.265001 
711 1 8.58596 3.72783 0.148297 -0.399739 0.61597 0.168434 
712 1 0.470681 3.6739 6.27901 -0.559108 0.93505 0.168545 
713 1 4.88417 5.71427 9.00642 -1.0227 0.723487 -0.531054 
714 1 8.23695 5.4746 5.0363 -0.617034 0.668201 -0.979554 
715 1 1.33296 4.8099 4.76792 -0.271836 0.559438 -0.539807 
716 1 5.2279 5.65279 2.10078 0.488588 0.111609 0.624314 
717 1 5.09205 7.39545 2.84812 -0.512157 0.68302 1.37865 
718 1 7.82446 2.35856 6.26627 -1.39548 -0.901509 -0.3829 
719 1 4.23397 8.09745 1.69805 0.112085 -0.0247449 1.39136 
720 1 1.92962 8.68384 5.93549 -0.483607 0.670241 0.836178 
721 1 1.25641 8.97021 6.55309 -0.625313 -0.541431 0.507827 
722 1 0.872221 8.81334 2.338 0.0973823 1.39967 -0.157051 
723 1 1.93698 1.11611 4.92083 0.685971 0.964075 0.953111 
724 1 2.91437 8.07236 2.71444 1.74419 -1.00944 0.129547 
725 1 3.44034 5.12006 4.36552 0.940402 -0.787249 -0.37621 
726 1 0.949265 5.61457 7.66008 -0.221399 -0.0503088 0.336756 
727 1 5.15875 7.57506 1.84984 -0.829075 0.817155 -0.499764 
728 1 4.33674 1.21826 3.78747 0.446275 0.379311 -0.337048 
729 1 8.02576 6.78774 9.14656 1.4813 -0.232696 0.0397081 
730 1 3.32218 5.64089 0.304363 -0.645128 0.0984903 0.530113 
731 1 6.87607 5.47349 8.67333 -0.182292 1.13778 -0.27091 
732 1 5.73941 2.18004 3.93459 -1.22401 1.05257 -0.232794 
733 1 0.23378 8.40029 0.769342 0.974915 0.20231 -0.00584092 
734 1 2.51369 7.8476 1.4415 -0.18569 0.613761 1.1086 
735 1 3.71864 4.54296 5.16141 0.231703 0.289291 0.157239 
736 1 2.5399 9.06946 0.515611 0.368431 1.21067 0.378777 
737 1 3.88702 0.329495 2.54115 -0.684707 1.1171 -0.651961 
738 1 2.24624 5.12107 4.78779 0.758995 -0.449687 -0.0161504 
739 1 5.08265 6.97183 4.70059 0.152961 0.0432082 -0.267296 
740 1 5.87478 9.38465 3.06594 -0.244255 -0.178823 0.489877 
741 1 1.25412 4.074 5.80909 -0.828597 1.21187 0.885248 
742 1 1.10089 6.67426 8.282 -0.470422 -0.224759 0.178692 
743 1 4.17645 4.50879 4.31179 -0.315421 0.498398 0.427376 
744 1 6.77244 5.78906 3.82127 0.234679 0.494756 0.834687 
745 1 2.22052 1.24351 1.86655 -0.455963 -0.164666 -0.714977 
746 1 5.12723 8.54681 5.57412 -2.12002 -0.310725 -0.496289 
747 1 7.75061 4.98835 8.21823 0.468341 0.445042 1.02453 
748 1 2.88778 1.29284 6.27747 -1.13702 -1.98302 -0.910443 
749 1 9.36141 7.33632 7.68693 0.0979632 -0.17217 0.0128107 
750 1 8.37656 3.60711 5.12014 0.729188 0.0075989 0.419688 
751 1 0.563498 0.62185 4.17202 0.575665 0.747264 -1.30112 
752 1 3.85707 5.51621 5.11317 0.909596 0.214826 -0.193927 
753 1 2.95289 5.81468 4.82879 0.329149 0.630838 -1.33144 
754 1 6.07396 8.56633 9.13401 0.492922 1.02654 -0.584055 
755 1 7.92769 0.820105 4.32506 -0.379434 0.149127 1.35868 
756 1 7.52122 2.23206 0.685072 0.520745 -0.0906277 -0.193683 
757 1 6.28246 3.46853 0.69522 -0.868027 0.206227 -0.0652439 
758 1 5.056 2.87263 4.0049 1.06728 -0.688477 0.594088 
759 1 1.13941 5.37374 6.66916 -0.869982 1.01958 0.474685 
760 1 6.0531 3.11049 5.92025 -2.27565 -0.648889 -1.67156 
761 1 4.3168 8.97401 3.07747 -1.39259 -0.88629 0.75669 
762 1 2.33796 3.70676 9.35641 0.193698 -0.238127 -0.171596 
763 1 5.90024 3.68229 6.70643 1.07032 -0.0241268 -0.968753 
764 1 5.73498 8.81181 7.00224 -0.627144 -0.724148 -0.454043 
765 1 2.61383 3.33214 1.65802 1.20271 0.794813 -0.212462 
766 1 5.88745 7.7895 2.48211 -0.560953 -0.458663 0.351424 
767 1 5.05252 4.39549 1.1547 0.346294 1.14697 -0.191461 
768 1 5.66974 8.57799 4.78757 -1.01754 0.118695 -0.595479 
769 1 6.95989 1.53063 2.94844 0.0694347 -0.945901 0.897941 
770 1 8.98504 6.9703 9.28341 -1.9362 0.849764 0.287929 
771 1 2.05986 4.27719 5.24571 -0.715015 -0.896947 -0.567313 
772 1 5.05497 4.15861 4.24581 0.0460143 -0.659263 -0.000526739 
773 1 8.66109 4.88294 7.25649 -0.479307 -0.169302 -1.45036 
774 1 2.60363 9.21319 5.5309 0.377499 -0.25291 0.692713 
775 1 7.41431 0.139287 6.9525 0.923507 -0.0733287 -1.19117 
776 1 3.35119 0.412633 5.27629 -1.25902 0.433312 0.999676 
777 1 4.57869 4.32269 5.91344 -0.971186 -0.113339 -0.157287 
778 1 8.01669 6.33344 4.65148 0.962591 0.173035 -0.170236 
779 1 3.35304 8.84475 5.10251 -0.966324 -0.0596029 -0.490791 
780 1 4.28692 8.3446 9.22953 0.0886669 1.29046 0.900813 
781 1 6.52805 4.32709 3.64553 -1.41184 -0.927789 -1.059 
782 1 1.87784 8.47999 0.88169 -0.524827 0.631283 1.34746 
783 1 1.92576 3.8072 7.01718 -0.345144 -0.354093 -0.841218 
784 1 6.62303 1.48629 5.01546 -0.129489 -0.0257153 0.000782672 
785 1 9.26615 3.73359 5.546 0.855156 0.187788 -1.34806 
786 1 6.22843 0.203893 2.21559 0.343672 0.499046 0.121032 
787 1 7.62478 1.17083 0.378319 -0.623435 1.23922 0.68556 
788 1 6.88784 5.81499 6.07382 -1.61571 1.83527 1.95147 
789 1 5.10321 1.75371 5.54414 -1.67875 0.35638 0.804493 
790 1 2.64654 8.75938 3.34672 -0.396211 -0.855105 -0.273124 
791 1 5.33948 9.27682 6.27754 0.0710543 -0.138579 -0.939315 
792 1 5.12534 1.16827 0.286494 -0.735045 1.07103 0.0148535 
793 1 4.46591 0.226678 6.17259 0.119832 0.0882462 0.336743 
794 1 5.50997 4.60116 2.04753 0.321706 -0.024213 0.694027 
795 1 7.39791 3.66617 4.85598 0.59346 0.323324 0.805817 
796 1 7.15358 3.50331 3.57376 1.23292 0.462631 0.42171 
797 1 9.07465 2.0125 9.36595 -1.05491 -1.24028 -0.38823 
798 1 8.42163 0.0404618 4.04922 -0.654288 0.499775 0.131141 
799 1 2.47009 5.24053 0.236497 0.746721 0.386729 -0.874371 
800 1 3.22519 1.08745 8.90535 -0.152146 -0.368947 0.479836 
801 2 3.57787 3.76952 4.56906 0.297197 -0.347357 0.0744371 
802 2 7.36427 8.93525 9.38767 2.04859 -0.871147 0.76917 
803 2 3.51945 6.62761 5.03286 -0.649953 -0.379753 -0.565118 
804 2 7.73203 8.83171 5.624 0.43807 -0.218129 0.370842 
805 2 7.40402 4.83288 9.10638 0.705083 0.616541 -0.552827 
806 2 4.78324 6.5626 1.70723 -0.0164715 -0.600806 -0.332558 
807 2 7.4802 0.730871 2.73072 -0.84785 0.366811 -0.132887 
808 2 6.72509 2.92923 5.06237 1.44944 0.500514 -0.126712 
809 2 3.41163 3.41499 2.19795 -0.410276 0.902857 -0.561474 
810 2 5.67676 0.429825 7.03197 -0.0478077 -0.0806228 0.0779757 
811 2 8.1069 1.82194 5.54655 -0.348927 0.20176 0.0651464 
812 2 4.32755 2.35788 8.36795 0.861283 0.219113 0.0469669 
813 2 8.36716 4.58081 5.40647 -0.148169 0.428312 -0.528807 
814 2 3.76253 1.73844 0.0714482 0.482633 0.0437522 0.304832 
815 2 3.66697 3.64349 7.13258 -0.413167 -0.879482 0.319617 
816 2 4.38304 3.88375 5.08218 1.00432 0.591953 -1.34183 
817 2 0.93981 0.822582 8.69516 -1.1448 0.658975 0.0551632 
818 2 6.49856 9.38394 6.83816 1.79276 -1.03911 -1.8272 
819 2 5.93567 6.21236 3.75812 0.874137 -0.108716 -0.114779 
820 2 6.53919 1.19735 8.82822 -0.792418 0.506305 -0.62826 
821 2 7.84601 5.70497 8.88159 0.789673 -0.0374199 0.589644 
822 2 8.35894 1.93121 1.95404 0.155079 -1.09126 0.102461 
823 2 2.08046 1.7387 6.48784 0.918281 0.540511 -0.996134 
824 2 4.61262 4.88102 5.06507 1.06875 -0.281733 0.757942 
825 2 9.15875 4.60877 5.91366 0.21561 0.528644 2.2553 
826 2 4.08229 8.27645 4.88967 -0.358438 1.06355 0.308266 
827 2 3.54251 4.63542 8.68822 -0.657688 0.614776 -0.968249 
828 2 0.750087 1.5222 1.09409 0.798466 0.788963 -0.163614 
829 2 7.72442 8.34442 8.76598 -1.63956 0.64328 -0.228756 
830 2 6.6614 2.09596 2.21877 1.20679 -1.92862 0.0945355 
831 2 4.07551 2.61267 0.990485 -0.634492 -1.65188 0.0496318 
832 2 8.32528 8.0678 7.18133 -1.2061 0.538006 0.412721 
833 2 6.45024 5.40734 2.94953 1.26326 0.387413 -0.957271 
834 2 5.17062 6.86356 0.854368 0.293592 -0.809929 1.72503 
835 2 5.58161 3.47078 8.58474 -0.643396 -0.609144 0.827445 
836 2 6.11877 0.0827147 0.683527 0.0640523 -0.814323 1.18485 
837 2 2.10007 3.14356 7.70357 0.644098 0.19973 -0.240502 
838 2 5.23951 5.97415 0.498997 -0.299934 -0.749454 -0.924064 
839 2 6.14665 3.85494 9.24351 -1.94252 -0.905554 0.150361 
840 2 5.82048 0.945487 0.868934 0.0835039 0.124142 -0.870221 
841 2 9.08962 2.94253 0.357419 0.225597 -0.783794 -0.182585 
842 2 7.41568 2.19033 4.94782 0.463446 0.746578 -0.121157 
843 2 7.79579 3.31268 6.38252 0.475168 -0.20258 -1.56402 
844 2 6.66888 7.26562 4.72258 -0.509987 -0.286187 -0.526112 
845 2 0.247479 8.89071 7.50725 -0.222571 0.762106 0.44718 
846 2 3.33124 6.2884 8.61506 -0.344502 0.132124 -1.97227 
847 2 8.71335 1.69108 8.55579 0.257146 -0.782771 -1.10942 
848 2 7.14381 3.00384 1.10704 -1.94536 -0.796367 0.560282 
849 2 6.62395 6.34233 3.00864 0.676466 0.00508582 0.77542 
850 2 7.86288 5.8362 6.38511 0.982497 -0.955046 -0.538211 
851 2 0.936871 7.28084 7.58092 0.494452 0.528194 -0.304449 
852 2 8.72672 1.45332 6.24312 -0.00889271 1.79723 -0.200206 
853 2 1.16388 3.69664 3.89759 -1.73697 -0.0916363 -0.663991 
854 2 6.95177 4.56611 5.84617 0.712547 -0.0279605 0.3908 
855 2 4.43958 7.32302 1.23551 0.0254846 -0.867593 -2.21396 
856 2 5.26374 7.809 0.950551 -0.126456 -0.0103055 -0.774957 
857 2 0.855053 2.11232 4.34874 1.58935 0.0489933 0.651374 
858 2 7.78016 3.70646 1.10268 0.140154 0.784051 -1.14674 
859 2 1.67536 5.97898 1.20753 0.392478 -0.212046 0.961393 
860 2 5.55045 6.79869 2.23729 -0.856773 -0.568311 0.76666 
861 2 2.27021 3.00726 6.67341 0.833752 -0.00468264 0.04382 
862 2 7.72661 4.51091 7.39955 0.348996 0.652071 -0.174274 
863 2 2.82554 2.00558 4.50171 1.37683 1.31227 0.544432 
864 2 6.57466 9.02285 1.40211 -0.515407 -0.298512 0.339527 
865 2 1.0175 5.77115 8.70479 -0.399988 0.252782 0.4155 
866 2 5.83495 2.76635 4.67132 -0.264587 0.434061 -1.20146 
867 2 1.50096 1.49311 7.19479 -0.827547 -0.291001 -0.140873 
868 2 7.49493 6.96015 5.18448 -0.205766 0.51187 -0.654582 
869 2 3.10416 0.641309 3.98174 -1.47794 0.486001 -0.57345 
870 2 6.97913 1.79643 0.0351618 0.817807 0.650893 -1.40224 
871 2 5.68501 7.87538 3.44118 -0.646395 0.115984 0.603407 
872 2 8.02603 1.55473 1.15897 -0.439976 -0.093695 0.838659 
873 2 4.4235 6.26725 4.89648 1.15022 0.819584 -1.04912 
874 2 0.469904 6.02009 6.80069 -0.207464 0.623063 -1.5595 
875 2 2.57429 9.14485 2.447 -0.321301 -0.217218 0.199822 
876 2 9.08696 5.98002 5.24 -0.808813 -0.951517 -1.23073 
877 2 0.177439 2.23812 0.764188 -0.379191 0.182247 0.37392 
878 2 3.26651 2.43066 3.66417 0.412622 -0.693194 -1.48878 
879 2 3.29341 8.36892 1.86964 1.32809 0.485663 -0.297851 
880 2 3.44716 1.87731 0.973107 1.44539 -0.237082 -0.635062 
881 2 5.41232 9.16237 0.0273775 -0.0726709 -1.38288 -0.878633 
882 2 2.849 8.23235 7.15164 -0.168332 0.536969 0.347844 
883 2 5.20959 6.10052 4.36239 0.254639 0.658561 -0.814192 
884 2 6.85775 8.01036 9.19894 -0.458065 -0.472022 -0.0471797 
885 2 3.32929 7.35872 7.17019 0.483247 -0.852301 1.22803 
886 2 4.20107 2.91485 4.8401 0.0561587 0.108405 -0.753749 
887 2 4.02344 2.28848 6.98547 0.690702 -0.724442 0.020737 
888 2 4.1914 4.14021 3.44382 0.0785581 0.0286479 0.156212 
889 2 7.51594 8.65414 0.905615 0.308412 0.537339 -0.961267 
890 2 2.58403 3.69037 8.41095 -0.672162 -0.390519 0.353739 
891 2 6.00212 8.99986 5.60239 1.87671 -0.61445 -0.421371 
892 2 0.545257 8.07857 7.86443 0.892767 0.130262 -1.48601 
893 2 5.48982 0.613727 3.67986 0.962343 0.569495 -0.26436 
894 2 1.23304 3.20061 7.24594 -0.734782 0.839091 -0.275114 
895 2 2.38569 7.36644 2.26234 0.138509 1.52889 0.375497 
896 2 2.7355 7.75003 8.81694 -0.200558 -0.474702 0.27055 
897 2 8.12319 0.609708 2.01272 -0.891648 1.00011 0.204539 
898 2 8.96893 2.52693 1.49822 0.972887 -0.368815 0.0603243 
899 2 1.95543 1.64548 8.02117 -0.422076 -0.408084 -0.439488 
900 2 0.835265 7.54049 8.58887 -0.126806 -0.320595 -1.01487 
901 2 5.70151 6.06319 2.84072 -1.55634 -0.0685627 0.147412 
902 2 3.093 1.10586 0.435064 1.01428 -0.389854 0.051855 
903 2 7.52348 7.94318 5.26552 -0.51372 0.349836 -0.366691 
904 2 0.661096 8.31873 9.22704 0.384811 0.368937 -1.02608 
905 2 2.0162 4.1921 4.25741 0.340669 -0.322692 0.215893 
906 2 9.15956 1.00909 9.03397 1.26972 -0.191278 -0.0435409 
907 2 2.31428 6.09727 1.90635 0.254239 0.764264 1.13108 
908 2 1.87848 7.50132 0.770905 0.950483 0.781476 -0.376496 
909 2 0.575776 1.73142 2.76669 0.880064 -0.304884 -0.0894776 
910 2 7.78036 1.54232 3.47257 0.115825 -1.02555 1.35006 
911 2 5.91481 7.16095 1.38257 -0.217914 0.157275 1.11 
912 2 9.31905 4.31356 7.71215 -1.34989 -0.473533 1.58133 
913 2 0.708851 0.898785 3.24141 1.00557 -1.05702 -0.108744 
914 2 4.71712 6.89124 5.59608 0.421233 -0.59516 0.6845 
915 2 2.36979 7.42014 6.99403 0.48197 -0.00526208 0.671677 
916 2 5.00997 4.56572 7.43014 -0.482782 0.00081821 0.68449 
917 2 4.15499 2.5664 3.96296 0.0130214 1.24183 -0.793493 
918 2 9.05014 8.14439 0.0923458 -0.359403 -1.11818 -0.0867476 
919 2 3.93609 5.08146 3.51998 0.852181 0.495039 0.00210832 
920 2 9.04693 6.98545 5.81427 -0.00621091 -0.0158732 -0.255783 
921 2 3.29394 8.21779 4.3619 1.29967 -0.854956 -0.509769 
922 2 3.00981 9.17574 7.15182 1.39331 1.55534 -0.361584 
923 2 1.65189 0.802505 3.40206 0.022559 -0.951487 0.535367 
924 2 7.87432 9.14839 2.40134 -0.688727 0.136031 -0.648601 
925 2 8.53208 2.98833 5.82614 1.2479 0.449043 -0.671546 
926 2 5.10034 2.99311 2.33476 -0.080827 -1.43761 -0.0798618 
927 2 2.71767 7.85244 3.69122 -1.26372 0.450789 -0.97379 
928 2 4.53961 4.21258 0.315752 0.110777 0.271061 0.324994 
929 2 6.44022 1.7766 6.37967 -0.362241 0.370016 0.771508 
930 2 0.319351 5.41102 5.776 0.0872098 0.61662 -0.540381 
931 2 1.72221 6.01525 8.05877 -0.997844 -0.677584 0.880193 
932 2 4.38801 5.29817 5.89909 -0.00832718 2.14256 0.274061 
933 2 2.95535 5.38367 8.83545 -1.09169 1.38401 0.473874 
934 2 3.95478 1.52654 8.54734 0.317895 -0.0454518 -0.513441 
935 2 1.22486 3.88613 4.85384 -2.22096 -0.992235 -0.974667 
936 2 7.12821 3.03957 8.06814 -0.32557 0.196387 -0.612452 
937 2 3.49028 5.35988 8.04462 -1.28844 0.825608 -0.262165 
938 2 0.165411 6.81781 8.50786 -0.752679 -0.25779 0.0240319 
939 2 6.26919 2.66244 6.72015 -1.72274 0.0793029 -0.300687 
940 2 9.15727 2.03925 4.55257 0.193449 1.43475 -0.085293 
941 2 3.26571 2.86395 4.53417 -0.232575 -0.0326045 1.03456 
942 2 8.63429 0.724332 8.22777 0.0855324 -0.573881 -0.171386 
943 2 6.60338 3.61577 4.34104 0.788817 0.241471 -0.153947 
944 2 0.123535 0.966058 6.61884 1.07459 -0.645183 -0.623198 
945 2 2.61464 0.429183 9.31638 -1.07311 -0.729017 0.390612 
946 2 1.94223 2.48521 5.89192 -0.812611 0.32764 0.510353 
947 2 0.586502 0.252683 5.9681 0.198097 0.313335 -0.130879 
948 2 3.89784 5.55154 8.91493 -0.787712 -0.12847 -0.0210802 
949 2 1.80713 7.54984 8.56879 -0.420974 -0.441805 -1.1333 
950 2 6.29822 6.17318 8.41419 -0.783815 -0.0149798 1.11436 
951 2 3.31733 0.267802 7.89473 -0.12174 -0.307345 0.380255 
952 2 3.42026 2.65101 0.299931 0.263675 0.0689376 -0.925459 
953 2 2.4354 1.32043 7.2987 0.11693 -0.453687 -1.2443 
954 2 5.57726 0.807747 1.77828 0.69945 0.256119 0.02087 
955 2 0.699911 1.00639 7.36985 0.646751 0.646627 0.390198 
956 2 1.88035 3.05773 2.24696 1.01899 -0.527182 0.573899 
957 2 3.26473 4.97163 0.993663 -0.446343 -0.00184285 -0.175762 
958 2 4.97842 3.62432 3.3639 0.217704 0.332572 0.232134 
959 2 8.46146 6.03457 0.218564 0.0578351 -0.431418 0.0319671 
960 2 5.29547 4.94819 5.81554 -1.04191 -0.43318 -0.194338 
961 2 9.25943 4.24465 6.77451 0.772252 0.0178885 -1.66594 
962 2 8.06628 1.89937 9.34205 0.443926 -0.968555 -0.474282 
963 2 4.43106 3.15811 5.73637 -1.37911 -0.701825 0.684373 
964 2 7.05462 1.46456 7.87421 -0.350199 0.398301 1.18095 
965 2 9.37741 5.58166 7.49564 -0.812796 -0.443008 -0.451444 
966 2 6.65336 4.2887 5.01238 0.707545 -0.346921 0.452041 
967 2 1.06103 0.0435528 3.5883 -0.282743 -2.17893 0.463799 
968 2 7.14131 1.81804 5.76711 0.220033 -0.472981 0.384281 
969 2 7.42423 2.62023 9.20197 1.57359 -1.21242 -0.183535 
970 2 5.64602 6.3387 9.10528 0.0111933 -0.599337 -1.25732 
971 2 6.54054 9.38291 9.27012 0.26446 0.987479 -0.220693 
972 2 3.95348 0.24835 3.72042 -0.285818 1.63406 -1.16493 
973 2 2.8723 6.5777 2.60446 -0.584989 0.0379574 0.909145 
974 2 8.93815 1.30616 5.15419 0.191095 0.0811158 0.397878 
975 2 8.53695 0.723258 1.17142 0.288867 -0.991878 -0.964749 
976 2 1.78297 3.33081 5.43555 -1.72022 -1.14914 -0.233013 
977 2 4.326 0.621723 5.32636 -1.45517 1.46513 0.347456 
978 2 6.68235 0.905842 0.380882 1.71865 0.35861 -1.839 
979 2 6.04458 6.58323 0.576936 0.919825 -1.11684 0.134184 
980 2 3.64584 0.998624 3.16069 0.369755 2.17372 -0.664714 
981 2 5.06124 0.508745 8.91562 -0.664374 0.23397 0.844795 
982 2 3.03918 2.91806 8.04456 -0.645213 1.7275 0.421396 
983 2 8.56554 2.21152 7.75011 0.810208 -1.48962 0.344082 
984 2 8.71443 3.60031 8.60952 -1.66294 -1.07851 0.356874 
985 2 3.82689 6.51062 2.57366 0.378108 -1.62861 -1.43284 
986 2 5.8806 0.654374 9.34035 0.206666 -0.967046 0.781126 
987 2 2.79075 1.98169 0.20794 -0.227533 0.155939 -0.0770698 
988 2 5.06932 5.02503 0.387401 -1.08649 -0.741591 0.509191 
989 2 6.03613 0.981153 4.41105 0.988183 0.145335 -1.07649 
990 2 4.59081 5.34782 2.80063 -1.16698 -0.980017 1.27456 
991 2 7.44969 5.52791 4.48479 0.601893 0.252032 -0.189668 
992 2 1.68276 1.2038 1.0298 0.21287 0.060046 0.932296 
993 2 6.91347 2.83022 2.94102 -0.823435 -0.749551 0.906722 
994 2 9.24248 2.96008 4.97766 0.215367 -0.154288 -1.01957 
995 2 4.70919 0.0389475 1.51413 0.280446 -0.663696 1.21284 
996 2 8.36594 3.94505 7.01682 -0.299912 2.2798 -0.403923 
997 2 2.08902 0.772159 6.62372 -1.47185 0.604616 -0.461684 
998 2 1.8636 2.91537 1.2553 -0.473197 -0.607571 -0.92822 
999 2 1.30203 6.41848 7.22816 -1.7222 -0.899259 0.322412 
1000 2 5.89941 4.43095 8.46773 -1.4267 -0.191291 0.0930876 
