1 1 0.288434 1.5614 0.245451 0.940686 -0.191873 -0.0855064 
2 1 3.86503 8.75916 0.383967 -1.18702 -2.04533 -0.344981 
3 1 8.89076 1.62578 9.13204 -0.285097 -0.283627 0.381546 
4 1 9.37904 2.09696 1.24918 -1.07801 0.143655 -0.436422 
5 1 7.08261 8.19086 6.0969 0.909652 -0.844298 -0.635226 
6 1 6.45107 3.13705 5.40942 0.211132 0.0716903 -0.0247561 
7 1 5.56965 9.16801 7.17827 0.742348 -0.861537 0.558592 
8 1 9.33631 2.87238 1.79186 -0.116364 0.309799 -0.754554 
9 1 0.891922 3.07499 0.723185 0.108641 -0.673817 0.289196 
10 1 0.62274 0.157309 8.90259 1.66121 -0.342241 -1.18107 
11 1 1.11119 4.98763 6.88352 1.01519 -0.342813 -0.866179 
12 1 7.10772 1.55062 6.11679 -0.485866 0.809505 1.6646 
13 1 4.14693 1.95214 6.5339 0.810354 -2.22216 1.19344 
14 1 2.43624 7.36876 4.86771 1.18722 0.581634 0.252118 
15 1 8.23082 4.56691 9.3876 0.308954 -0.541871 0.477738 
16 1 6.35464 0.633466 3.04828 0.261889 -0.508056 -0.917345 
17 1 9.18893 1.40189 4.0522 -0.180277 -0.740297 -0.110545 
18 1 9.35825 5.45335 2.2542 -0.811938 0.243621 0.418825 
19 1 0.980064 6.52641 6.12758 -0.24162 0.104342 0.133685 
20 1 2.68541 9.32136 0.669066 -0.969299 0.891106 0.379601 
21 1 7.9507 0.990266 3.94898 -0.74564 -0.236997 -1.30014 
22 1 4.29136 6.25307 3.66749 0.890509 -0.134641 1.34595 
23 1 2.20682 3.39333 6.82951 -0.0649325 1.03617 0.613285 
24 1 1.40423 9.03361 4.77796 0.187828 -0.225205 -0.257364 
25 1 3.12298 4.8857 2.01241 -0.186783 0.181774 -0.56705 
26 1 8.74285 4.66703 0.846344 0.635371 1.3368 0.736448 
27 1 6.39322 1.37427 7.83221 -0.63055 0.111413 -1.89484 
28 1 4.18747 4.91007 4.2802 -1.37178 1.1665 1.52633 
29 1 7.09755 5.39811 7.80538 -0.604859 -0.32304 -0.243768 
30 1 2.57793 1.5655 8.95772 -0.780875 0.753037 0.217513 
31 1 0.932853 4.09047 3.99999 -1.7843 0.428201 -0.389721 
32 1 9.08635 5.89137 6.54812 -0.425563 0.33523 -0.353849 
33 1 7.84865 7.7496 1.34164 0.65942 0.148059 0.319811 
34 1 3.31777 8.10318 2.61955 0.167866 0.594412 1.14049 
35 1 0.240146 1.03149 8.00291 -0.689082 -0.233122 0.0561465 
36 1 1.17374 8.55826 5.61197 -0.677107 -0.312552 -1.01072 
37 1 9.10747 0.0558814 9.13831 -0.7385 -1.89829 -0.738925 
38 1 3.23877 3.41799 2.88574 1.09956 -1.24607 1.16318 
39 1 4.83071 1.81865 1.36449 -0.0511048 0.786691 -1.21381 
40 1 7.5542 7.7617 7.67648 1.18025 0.5795 -0.584087 
41 1 4.65903 7.12829 3.59191 -1.57831 -0.672904 -0.395399 
42 1 9.22797 2.74375 2.71754 -1.21606 0.206301 0.56783 
43 1 3.44074 1.63975 5.10411 -0.505663 -0.246347 -0.281548 
44 1 7.98798 3.48984 4.84711 1.20687 1.39135 -1.12688 
45 1 6.48896 1.23278 1.24944 0.897048 1.18946 0.0483426 
46 1 9.04251 4.68346 1.7598 1.87578 -0.0389045 1.49815 
47 1 8.5385 3.17331 1.42253 0.105976 -0.243339 -0.315664 
48 1 3.34522 2.56109 4.86153 0.771649 -0.0259964 0.215652 
49 1 4.36583 0.0137786 9.26772 -0.287264 -0.298855 1.24756 
50 1 4.72631 1.11723 6.28821 -0.595784 1.31194 0.189184 
51 1 3.52357 2.93685 7.96182 0.255447 -0.175629 -0.327422 
52 1 7.30883 1.34527 0.816266 0.189929 0.485228 0.935902 
53 1 6.03719 8.41152 7.54722 -0.882532 0.364839 -1.36962 
54 1 2.2104 4.93451 1.63382 1.39112 0.640625 1.11426 
55 1 5.28218 8.58374 4.55071 0.252924 1.00964 1.44576 
56 1 8.04083 0.528824 2.12545 0.28432 0.615571 0.0329556 
57 1 0.846391 5.03405 2.21877 0.102487 0.139072 1.0731 
58 1 2.69367 3.16928 1.55723 0.877421 -0.862008 -0.195283 
59 1 1.78056 4.30948 7.10755 -0.00841796 0.468086 -0.758289 
60 1 6.10761 0.485962 8.25994 -0.295855 0.0293714 -0.589879 
61 1 6.66072 7.00294 8.82809 -0.514153 -0.350609 0.672925 
62 1 9.28683 3.78394 2.0794 0.263048 0.0907787 -0.771664 
63 1 4.93155 5.90949 3.02795 0.558082 -0.517611 0.0352391 
64 1 7.98804 2.60462 2.04603 -0.267256 0.358402 0.483422 
65 1 1.17349 2.35155 8.33621 -0.835767 0.198908 -0.616925 
66 1 3.56626 2.84409 1.85652 1.89657 -1.19857 -0.790098 
67 1 4.1229 3.9351 4.31963 0.576186 1.39735 0.255918 
68 1 7.16528 3.55446 3.45136 -0.088369 1.18909 -0.391294 
69 1 4.92193 1.38608 2.25388 -0.0694718 -0.390645 0.564484 
70 1 1.94947 4.65204 8.27968 0.350927 0.368597 1.17628 
71 1 1.13891 4.61604 7.78577 -0.388064 0.739177 -0.193581 
72 1 2.16774 2.12874 2.93121 0.246468 -0.232231 -0.849686 
73 1 2.57292 5.4345 4.07362 -0.506945 -0.635325 -0.183278 
74 1 3.72088 4.34317 6.83131 -0.961536 -0.836088 0.136104 
75 1 3.90656 0.280596 1.69612 -0.230683 0.520597 -0.919629 
76 1 6.39883 4.35283 4.72179 0.0144887 -0.250282 -0.163059 
77 1 4.46389 4.56927 7.4715 0.240416 -1.47854 -0.411031 
78 1 5.94021 6.18936 6.13633 0.662268 1.177 -1.84684 
79 1 4.6176 7.70173 1.30045 -1.70459 -0.513607 0.66666 
80 1 0.39306 2.18849 4.04399 0.44895 0.14789 -2.1198 
81 1 4.92692 1.44942 0.451261 -0.26603 0.00468233 0.0882031 
82 1 7.5815 6.16404 5.74807 -0.291798 -0.383385 0.232176 
83 1 5.78972 6.68699 2.11186 0.303078 0.319718 -0.02882 
84 1 6.72025 3.17325 8.87956 -0.234431 -0.201299 -0.611305 
85 1 8.98516 7.44529 3.96101 0.63813 -0.534865 0.215674 
86 1 7.25564 2.4008 8.6403 -0.690743 0.757484 -0.182699 
87 1 0.216985 6.9902 2.56695 -1.29939 -0.572719 -0.0418412 
88 1 8.27166 8.5239 0.889172 -0.510787 0.0338715 0.872934 
89 1 0.930142 6.09283 3.54241 -1.51506 -1.35921 -1.20584 
90 1 8.6704 0.0173847 0.622611 1.7164 0.160077 -1.45647 
91 1 8.40303 3.82133 6.39113 -0.546973 -0.837394 0.170673 
92 1 6.0248 1.99808 7.1521 -0.108279 0.494211 0.424986 
93 1 1.79647 1.12884 9.23651 -0.582307 -0.0812428 1.02639 
94 1 1.6944 1.94959 7.42692 -0.375201 0.154543 -0.422799 
95 1 6.45439 8.65673 6.70925 0.782469 0.044307 -0.29301 
96 1 7.50706 3.95618 6.83419 0.542504 -0.92361 0.105435 
97 1 7.93228 9.07392 2.7113 0.418232 -0.297404 -1.16848 
98 1 7.60441 3.49227 2.10967 -0.666835 -1.15369 0.169134 
99 1 4.96547 3.94785 8.3188 1.03477 1.45958 -0.459104 
100 1 7.11774 4.93919 4.35695 -0.696298 0.389383 -0.112189 
101 1 5.44778 1.34027 7.52153 -0.0849889 1.3793 0.435433 
102 1 0.0185704 7.16522 4.7314 -1.20512 -0.0532951 -0.554922 
103 1 7.59635 7.14136 9.11222 -0.606672 -1.25518 1.00695 
104 1 5.67326 3.85634 4.16948 1.81707 0.201425 -0.700384 
105 1 6.21667 0.308798 1.30843 0.956633 0.622666 -0.547638 
106 1 3.74331 1.08806 6.34077 -0.81994 -0.601491 0.0453042 
107 1 2.46797 2.51144 7.10635 -0.638737 0.728985 0.409982 
108 1 5.56848 7.66498 2.3286 1.25476 1.66708 1.40893 
109 1 0.292435 0.586014 3.96252 0.364857 -1.90156 -0.88897 
110 1 6.36005 3.16425 3.66394 0.0620891 0.331554 -0.0960413 
111 1 7.9326 3.38268 7.486 -0.626738 0.692228 0.624155 
112 1 5.62869 4.65386 5.27827 0.353281 0.0475706 -0.976526 
113 1 0.910317 5.04774 4.00117 -0.363027 0.495676 0.975683 
114 1 4.99504 3.10264 5.53617 0.346228 0.119609 0.378614 
115 1 3.07363 1.36317 1.74204 -1.00326 -0.532948 -1.01694 
116 1 7.74666 8.12669 2.78248 -1.70435 0.466482 -0.841125 
117 1 0.538617 5.3686 9.22778 -1.60253 -1.01155 0.0200454 
118 1 2.73448 9.38316 8.28264 -0.377903 0.122901 -0.108197 
119 1 5.58571 0.266351 3.55314 0.405294 0.82867 -0.168377 
120 1 0.949248 0.423345 7.96826 0.283427 -1.31433 1.1523 
121 1 6.62882 3.90917 8.30494 0.201458 -0.280849 1.23489 
122 1 1.6002 6.31165 0.397329 0.73605 0.307255 -0.812616 
123 1 3.80892 2.63131 2.80177 0.101705 -0.519248 0.493456 
124 1 2.83022 6.73835 3.42928 -1.01855 -0.421473 -0.207721 
125 1 3.21708 2.88297 3.9461 1.16566 -1.24742 -0.324962 
126 1 3.30828 7.14944 2.65191 1.2778 0.280751 -0.918986 
127 1 1.71379 2.86373 7.56324 -0.682289 0.4551 -1.44866 
128 1 2.54733 5.15376 0.301862 -0.638509 0.757649 -1.00529 
129 1 2.55008 3.10226 5.12607 2.08107 0.597363 -0.854131 
130 1 2.7846 2.24027 1.55857 0.106925 -0.313126 -0.154871 
131 1 6.11581 6.8885 6.954 -0.574673 0.115126 1.49702 
132 1 5.93194 5.70166 4.00141 -0.853272 0.613947 -0.729026 
133 1 8.45721 6.02024 1.8792 0.168632 1.0398 -1.0431 
134 1 0.885433 6.29088 5.19612 1.46617 -0.477702 0.926754 
135 1 7.27074 2.25589 2.65168 -0.156971 -0.130346 -0.439834 
136 1 1.99631 2.31012 9.00925 0.779446 -0.265579 0.884397 
137 1 3.87352 4.80413 6.00104 -0.487705 -0.25504 -0.734939 
138 1 0.906294 1.79763 6.75659 0.114903 -0.38336 0.322266 
139 1 9.29953 5.85343 0.398715 -0.0050246 -0.0445647 -0.185014 
140 1 5.6646 1.04878 6.53262 -3.15e-05 0.174581 -1.01969 
141 1 7.42447 7.47052 6.6869 -0.618833 -1.25606 -0.504374 
142 1 8.44557 7.60248 4.72914 -0.539858 -0.980285 0.172809 
143 1 7.13818 4.87814 7.01897 -0.463311 0.633583 0.00900706 
144 1 3.72939 9.1503 7.75925 1.64404 -0.206203 1.45494 
145 1 3.97744 7.26155 5.09383 0.0632087 -0.130625 0.789821 
146 1 1.95237 4.88795 6.37167 0.0163715 -0.560758 0.0238102 
147 1 1.90251 5.52159 0.935036 0.00100066 1.50301 0.0383633 
148 1 2.49854 4.91549 3.26692 0.769871 1.5891 -0.850284 
149 1 2.31213 3.83767 8.66275 1.17044 0.102599 -0.994833 
150 1 7.01841 0.670344 7.70685 1.02062 -0.0196843 0.388269 
151 1 5.04207 2.22836 5.04441 -0.259361 -0.129033 0.103255 
152 1 7.61483 0.798646 0.092111 0.546395 -0.371024 1.882 
153 1 4.26062 1.6238 5.61223 -0.691152 0.532013 -0.935571 
154 1 0.518601 7.6376 4.05068 -0.354185 0.56807 0.601629 
155 1 1.97585 4.54494 0.784997 0.793715 0.763154 -0.215111 
156 1 7.90842 4.52163 3.93755 0.407899 -0.230903 -1.06784 
157 1 7.91857 6.1732 1.05257 -0.616254 1.69926 0.67764 
158 1 1.50534 4.41907 2.03617 0.396618 -0.262728 0.445468 
159 1 6.91579 2.14993 6.85113 -0.286536 -0.996741 0.188313 
160 1 5.85628 6.80556 9.38517 -0.489536 0.365947 -0.454559 
161 1 4.48306 2.98103 7.75606 -0.464148 -0.358221 -0.715989 
162 1 8.96302 5.50996 5.67146 1.03133 0.0251636 -0.225113 
163 1 1.74086 6.60715 2.12402 1.34476 0.702814 -1.2294 
164 1 7.64882 6.17231 7.80077 -0.514425 -0.203164 0.143528 
165 1 1.43213 1.38101 0.737538 1.77833 -0.787926 1.35025 
166 1 8.25315 7.78814 6.99788 0.0564672 -1.53169 0.0545473 
167 1 4.06579 3.81115 7.89687 -0.142212 0.0772584 -0.0518497 
168 1 4.13064 7.5855 2.87608 -0.494504 -1.15109 0.853162 
169 1 0.0810762 0.925469 8.93582 1.05309 -0.150377 0.970667 
170 1 2.89175 2.33973 0.0194015 -0.786363 0.669546 -0.443597 
171 1 1.67717 8.64229 3.95535 0.357822 -0.423601 -0.387805 
172 1 4.06821 2.97071 4.39901 0.114745 0.810335 -1.93909 
173 1 1.05145 4.83786 5.92682 0.0916652 -0.333939 0.144909 
174 1 1.72497 0.370243 7.00323 -0.774496 -0.225858 0.697012 
175 1 4.91479 5.16386 4.84636 -0.202929 -1.30029 1.16989 
176 1 7.03234 4.76312 8.54199 0.580444 -0.813 2.84419 
177 1 1.53244 7.31273 5.31814 0.0831775 -0.170651 -0.0269117 
178 1 5.7599 2.78986 4.74343 -0.265122 -0.814108 -0.751679 
179 1 3.34098 0.722158 2.36867 -0.165687 -0.407028 -1.04204 
180 1 8.67781 8.43636 2.76018 0.419557 -1.20206 -0.352994 
181 1 3.46401 6.26057 2.90454 -0.963973 0.0363729 0.703366 
182 1 4.18108 0.927058 2.8028 0.167488 1.46435 0.867021 
183 1 7.41989 2.02759 4.36128 0.30881 1.164 -0.16006 
184 1 3.96385 3.29818 3.50287 -0.743276 1.60299 0.623298 
185 1 5.93584 5.24967 7.33295 0.00428823 0.59956 -0.0642537 
186 1 3.51217 1.29394 7.27439 -0.132791 -2.12063 -0.398557 
187 1 6.40632 2.03242 2.98507 1.10441 -0.355132 -1.24451 
188 1 7.88097 1.85242 6.66704 1.03997 0.603218 0.925039 
189 1 5.28456 6.83319 6.39406 0.749771 0.544974 0.516833 
190 1 3.80049 6.28497 5.27208 -0.637752 -1.18084 -0.167947 
191 1 0.983091 2.97609 4.01869 0.358827 0.263227 -0.903625 
192 1 7.95248 5.1531 7.44789 0.259524 0.085471 0.244288 
193 1 1.76216 1.28864 6.72891 0.320058 -0.609932 0.0491445 
194 1 4.62876 6.76959 4.52283 -0.335909 -0.502968 -1.05625 
195 1 1.83094 0.0599507 7.91337 1.83298 0.112493 1.13782 
196 1 3.47368 4.56484 7.73861 0.534569 -0.909089 0.867186 
197 1 1.06972 6.73576 2.85298 0.24993 0.405836 0.0783263 
198 1 3.19317 9.16335 5.00086 0.0834487 0.705567 0.60825 
199 1 8.2242 8.12908 8.72356 1.87679 -0.954144 1.7555 
200 1 0.747985 7.62074 3.12396 1.41225 -0.21305 -1.11902 
201 1 4.44481 1.83734 2.98241 -1.84073 0.453477 0.773822 
202 1 5.44621 2.92199 7.48944 -0.788492 -0.321105 -1.40332 
203 1 8.00609 5.10284 5.54992 -0.491658 0.389125 0.846976 
204 1 8.28748 5.94457 5.1549 -0.585616 -0.354606 0.330154 
205 1 0.544419 7.1652 5.52051 -0.19632 -0.0270157 0.513792 
206 1 7.7093 8.26278 4.45306 1.13985 0.253157 -0.936352 
207 1 8.07902 5.28563 4.51589 -1.31093 -0.458838 0.861746 
208 1 1.605 2.95219 2.8741 0.157367 0.55633 0.5699 
209 1 3.13355 5.09129 6.56573 -0.184975 -0.896221 0.577504 
210 1 3.53612 2.22604 5.85261 -0.570462 0.199475 -0.116877 
211 1 2.63012 0.847695 6.56616 0.262768 -0.131602 0.209755 
212 1 2.36073 3.6658 0.745542 -0.280822 1.01156 -0.132466 
213 1 6.17511 6.24391 4.81517 0.89693 -0.5216 0.557593 
214 1 1.33843 3.98072 1.20947 0.338894 0.448486 -0.145584 
215 1 2.51972 1.54206 7.21664 0.510925 -1.44467 -1.07117 
216 1 2.5111 3.47293 4.20669 -0.475986 0.181415 -0.323032 
217 1 5.55283 0.443948 2.60246 -0.271034 0.0379448 -0.211111 
218 1 8.65017 8.96698 8.43528 0.702933 -0.693412 -1.15731 
219 1 3.07342 1.7512 0.800067 1.31337 -0.564759 0.0301775 
220 1 4.95988 5.93339 6.29634 -0.810012 -0.757775 -0.464151 
221 1 9.06829 3.96589 0.219881 -0.481796 -0.119481 -0.274151 
222 1 9.05945 5.51724 1.30487 0.746733 0.237283 -1.02704 
223 1 3.47456 8.12136 4.68307 0.203859 0.796093 0.841503 
224 1 7.22313 3.06277 6.90653 -0.0065846 0.520899 0.619516 
225 1 7.78064 6.51654 2.43619 -1.26599 -1.01604 -0.0221676 
226 1 3.1879 5.45782 5.64877 -0.0646648 -0.254988 -0.915312 
227 1 8.69072 1.16408 2.45796 0.163492 0.199843 -0.396146 
228 1 9.08393 4.98981 0.00387803 0.163434 0.277684 0.475944 
229 1 8.96208 7.37624 7.49677 1.67228 -0.576166 -0.933403 
230 1 5.79019 2.76062 3.01396 0.416791 -1.09567 0.303213 
231 1 5.13331 8.2652 7.2573 -0.69741 0.206217 0.483516 
232 1 0.652823 1.28482 2.50593 -0.137827 0.21058 -0.980631 
233 1 6.49673 0.208251 4.99119 -0.713702 -0.674164 -0.993813 
234 1 8.35573 6.02977 7.17122 -0.603327 0.355662 0.843662 
235 1 0.506435 5.45778 4.86402 0.85913 -0.266574 -0.211088 
236 1 4.97792 0.975874 8.99008 -0.642128 0.593572 -0.841103 
237 1 4.06479 6.97753 8.58582 -0.939414 -0.334617 -0.555032 
238 1 4.15436 0.919353 0.198064 0.424967 -0.198734 0.245485 
239 1 8.86584 3.08015 5.17116 -0.722994 -0.529054 0.0461856 
240 1 6.86887 9.37607 3.50499 0.40085 0.446688 -0.0780438 
241 1 9.2824 1.81631 2.8724 0.0497787 -0.764643 0.0355491 
242 1 3.83194 8.5635 1.95824 0.419482 -0.498622 -0.555048 
243 1 8.4274 5.17606 2.3018 0.634712 -0.585138 -1.09876 
244 1 2.116 3.18204 9.37307 -1.69446 0.600217 0.26011 
245 1 3.75714 8.05029 1.07087 -0.792183 1.01593 -1.12204 
246 1 5.1734 0.54344 8.07461 -0.787336 0.756082 2.00277 
247 1 1.85551 0.489621 6.08176 -0.351068 -0.47639 0.733468 
248 1 8.9289 7.19661 5.51907 -0.21238 -0.179792 -1.06295 
249 1 1.77103 4.99295 4.48427 -0.422712 -0.52975 0.11011 
250 1 5.62215 5.60514 5.4495 0.777599 0.05682 -0.0834815 
251 1 6.41452 8.2818 0.60124 0.133639 0.529736 -1.26142 
252 1 8.14143 2.55029 4.79835 0.165587 1.20102 0.956075 
253 1 3.24774 4.38092 2.91588 0.0561044 0.421609 1.5517 
254 1 1.45655 7.4989 2.43705 -0.100412 -1.19092 0.0901369 
255 1 4.81094 2.42981 4.12568 -0.787142 -0.388718 -0.954044 
256 1 5.72859 9.21867 5.56744 1.23616 1.03014 1.10318 
257 1 4.47411 7.77359 8.87823 0.677989 0.316134 -0.018696 
258 1 6.35977 0.918577 2.123 0.615135 -0.214172 0.1419 
259 1 4.12255 6.27054 0.678903 0.392439 0.715141 1.11403 
260 1 1.19532 0.839495 3.74271 0.625585 1.37493 0.368764 
261 1 6.13512 8.00461 1.44943 0.307512 -0.327455 0.248731 
262 1 9.02905 8.29558 7.13194 0.0147798 -0.0695203 0.408441 
263 1 6.60051 1.49679 4.28718 -0.19335 0.168709 -1.02776 
264 1 1.23685 4.95282 1.28927 0.544734 -0.550497 0.0774017 
265 1 5.17683 0.632227 5.33276 0.721772 0.90711 0.345925 
266 1 6.11346 2.53042 2.14592 1.80721 -0.147735 0.00696872 
267 1 1.79938 6.68409 4.63884 -1.59659 0.10442 -0.0963684 
268 1 3.9604 8.56166 8.85368 -1.71872 -0.879992 0.240204 
269 1 3.99986 9.15007 3.60947 -0.0207135 -0.92873 -1.25387 
270 1 2.55695 3.22591 7.79509 0.546098 -0.198768 0.312847 
271 1 1.48032 3.43631 2.02762 -0.0866111 -0.324126 -0.385703 
272 1 3.28465 5.67714 4.68567 0.198937 -0.512162 1.04478 
273 1 8.85462 0.750653 7.53251 1.64792 0.25331 1.75364 
274 1 4.98578 0.500164 0.403268 0.337262 0.933812 0.484887 
275 1 6.76915 8.58226 9.13132 -0.426733 0.19317 0.176396 
276 1 7.38211 5.81768 6.94785 -0.737091 0.3873 0.733051 
277 1 1.65007 3.99926 6.2203 0.322284 -0.27781 -0.253355 
278 1 0.824077 2.42332 3.21648 0.0808146 1.50647 -0.127301 
279 1 8.64345 0.648067 8.52417 -0.33035 0.175055 0.528208 
280 1 6.35757 5.29957 4.87548 0.667231 -1.26104 -0.216716 
281 1 8.26016 3.83653 0.742065 -0.841835 -0.121267 0.279544 
282 1 3.02099 7.01434 1.75382 -0.860226 0.99151 1.19916 
283 1 7.11772 8.19652 1.91563 0.0956169 1.96244 0.377478 
284 1 8.04992 8.49911 1.92357 -0.885377 -0.869955 0.543953 
285 1 4.95145 5.49809 3.91678 1.06908 -0.103887 1.13584 
286 1 0.196826 0.938595 6.45953 -0.599368 1.67091 -1.39037 
287 1 9.36844 8.13126 4.73882 -0.159968 -0.976961 -0.0003643 
288 1 1.49262 7.75106 4.3076 0.450051 0.426277 -0.324624 
289 1 4.81723 2.34314 0.114795 -0.68719 1.77444 0.238643 
290 1 8.38363 2.24772 1.18801 0.301629 0.706168 -0.546351 
291 1 2.82566 2.77105 6.25949 0.23921 0.0486088 0.0216359 
292 1 8.16059 1.58727 0.427332 1.19466 0.481256 -0.989237 
293 1 8.90479 3.33155 8.42099 1.11132 -0.696135 -0.640331 
294 1 3.14158 0.813437 8.85363 -0.856741 0.122608 0.348726 
295 1 4.67076 4.48036 6.53832 0.4498 1.19541 0.488572 
296 1 4.46193 8.16658 4.89426 -0.172662 -0.14628 -0.677547 
297 1 6.0451 7.42696 0.661855 0.960301 -2.35027 -0.155081 
298 1 0.955601 3.56435 4.78081 0.0207885 -1.51355 0.548884 
299 1 0.984172 3.23315 8.02492 0.939161 -0.675041 0.529808 
300 1 2.00216 2.64261 2.03518 -0.180216 -0.104866 0.19623 
301 1 0.136121 2.97728 3.5875 0.905236 -0.446076 -0.484316 
302 1 8.5949 0.80684 0.0866916 0.997042 0.342915 0.262245 
303 1 0.468833 0.76212 5.51549 0.51081 0.885238 0.912216 
304 1 5.67647 3.71231 3.22713 1.8286 -0.137059 -0.302838 
305 1 8.94732 8.95583 5.15612 0.365472 0.731911 -0.230559 
306 1 6.9693 8.48849 7.88367 1.02778 -0.0441277 1.47861 
307 1 8.55046 7.17142 9.11056 0.419638 -1.13852 -0.634252 
308 1 0.322855 3.32549 6.75048 -0.0373351 0.258515 -0.257119 
309 1 7.60821 0.569228 8.51529 0.0280027 -1.93573 1.43282 
310 1 0.649356 6.31843 9.40123 0.843014 0.603994 -0.728405 
311 1 5.17391 1.83846 6.74296 -0.762152 -0.477954 -0.60064 
312 1 0.494171 8.9982 5.02971 -0.637783 -1.13546 -0.807468 
313 1 8.69581 4.13123 3.50746 -0.349902 -0.8908 -0.0390349 
314 1 8.19962 6.90803 1.63374 -0.168742 1.2824 1.0202 
315 1 2.62041 6.46361 2.47738 -0.0753609 0.983553 -0.538494 
316 1 1.71987 3.79177 7.8741 -0.363364 0.360451 1.34137 
317 1 7.34797 1.503 7.3741 -0.359024 -1.3015 -1.3814 
318 1 3.67738 6.61335 4.37614 0.569542 -0.0163537 -0.366833 
319 1 5.57282 6.94885 4.52594 0.70293 -1.19331 0.0777783 
320 1 6.32598 6.77888 1.29334 1.40066 0.988649 -1.75309 
321 1 2.79211 6.29764 5.29036 0.0435777 0.0589826 -0.931927 
322 1 2.50888 2.9828 3.3016 -0.876514 -0.869636 0.0723993 
323 1 7.63752 3.02343 1.19331 -0.7826 1.37056 -0.450816 
324 1 5.47014 8.1068 8.34271 0.200327 0.145429 0.0883173 
325 1 6.05061 0.144297 6.46094 0.87589 0.606572 1.68009 
326 1 8.01461 2.59077 3.7935 0.422543 -0.547624 0.525791 
327 1 0.114797 5.55849 3.85145 0.0757515 0.0359895 0.590936 
328 1 6.19743 7.09681 2.88369 0.350508 -0.258664 -0.769402 
329 1 3.2452 1.90485 4.18614 0.635707 0.567819 -0.411989 
330 1 8.87905 8.71416 6.23993 0.628567 0.0163507 -0.391517 
331 1 3.30745 6.30096 1.20561 -1.28361 -0.0929565 -1.01707 
332 1 1.1755 1.36954 5.19761 -1.26933 -1.26842 1.32698 
333 1 2.19293 7.20783 3.94756 0.108078 -0.521028 -0.30702 
334 1 4.70868 5.93729 5.37791 -0.69643 -0.287079 0.847 
335 1 7.01946 2.7275 1.8588 -0.185796 -1.55391 0.0816584 
336 1 1.83928 2.09838 5.09257 1.36023 0.238176 0.336034 
337 1 0.93428 0.472815 4.68479 -0.923511 0.397547 1.4743 
338 1 5.33672 8.68803 3.56458 0.256549 -0.341176 0.650205 
339 1 4.95385 4.56077 3.75681 -0.776163 -1.02015 0.208951 
340 1 6.5511 6.11164 9.23056 -0.3101 -1.44013 -0.361408 
341 1 5.38751 8.09455 0.75849 -0.0672284 -0.360497 -2.13939 
342 1 5.72854 7.54748 7.60303 0.267562 1.00456 0.0784624 
343 1 3.39856 3.13881 5.59053 -1.18243 -0.242201 -1.0663 
344 1 0.518416 4.40517 1.58097 -0.131625 1.0329 -1.78697 
345 1 1.058 8.93925 8.29461 0.596504 0.131916 0.455331 
346 1 6.76963 1.28151 5.21681 0.710399 -0.745482 -0.920821 
347 1 6.69925 3.77149 7.3805 -0.373801 0.98575 0.65866 
348 1 7.86805 0.965933 2.97012 0.561862 -0.506716 0.697572 
349 1 7.25243 0.475606 4.38808 -0.712392 0.655871 0.482387 
350 1 3.39047 4.07807 5.52379 -0.177454 0.46765 0.342681 
351 1 2.98745 0.472612 1.39296 -0.304768 0.446537 0.0612374 
352 1 6.67472 0.662212 0.423648 0.759822 0.173192 -0.171477 
353 1 2.26651 1.985 6.32538 0.302661 0.818661 0.226232 
354 1 4.97013 4.23108 4.66103 0.380417 -0.739972 0.522057 
355 1 1.26012 5.88473 4.40021 -0.4737 -0.792578 0.380415 
356 1 7.67434 2.42712 7.45041 -0.147434 -1.51001 0.382203 
357 1 4.78145 6.36408 8.30138 0.42202 0.207126 0.676002 
358 1 8.75632 3.08906 4.23455 -0.362861 0.568703 1.00177 
359 1 8.47873 5.944 2.85343 -0.373327 0.459182 0.00420567 
360 1 3.44894 1.55233 9.33985 -0.453874 0.0478811 -0.935476 
361 1 0.707905 2.98885 2.43219 -1.2124 -1.06299 -0.62466 
362 1 2.56105 1.47992 4.80049 0.363966 0.619254 -0.906362 
363 1 9.00861 5.64155 4.64356 -0.298061 -0.347626 0.612546 
364 1 6.19476 8.68191 4.91361 0.947992 0.455216 -1.06062 
365 1 9.24029 5.46407 8.53393 0.265596 0.42363 2.06845 
366 1 7.41344 9.2104 7.47826 0.800405 -0.771082 -0.289855 
367 1 1.00075 4.57466 4.89271 -0.380577 -0.79825 0.840883 
368 1 5.84936 7.86514 6.71211 -0.568848 -0.800263 -0.51624 
369 1 2.56682 4.05167 5.02532 -0.00228735 -1.2503 -1.03363 
370 1 0.241161 2.97546 4.60538 -1.70961 0.113366 -0.959007 
371 1 6.66762 9.13118 5.85771 0.344269 0.249017 -0.71993 
372 1 5.41984 4.48561 7.10991 0.790838 2.21207 0.782135 
373 1 0.494383 5.7031 5.83864 1.43688 0.466509 0.470639 
374 1 2.99199 7.4261 0.887633 0.122096 0.441545 -0.24015 
375 1 0.0507403 3.76939 4.0515 -1.30523 1.03645 0.193085 
376 1 3.51128 0.688735 5.14686 -0.514609 -0.422942 0.170875 
377 1 8.62033 7.30968 0.850054 0.351546 -1.5437 -0.188044 
378 1 2.6243 5.01174 4.95545 0.86213 -0.460569 -1.36074 
379 1 6.77952 2.2472 7.81285 0.516702 0.0254424 1.0553 
380 1 2.644 0.513356 4.65352 -0.370242 0.0706633 -0.160869 
381 1 6.27148 7.77657 9.18654 0.428088 -0.210904 -0.783268 
382 1 1.27965 3.85831 8.74018 0.705782 1.60355 -0.324763 
383 1 2.67121 0.529014 5.60255 1.37271 -2.53101 0.604251 
384 1 1.67849 1.02372 7.69434 -1.34308 0.236836 -0.627229 
385 1 3.37983 0.379593 7.03659 0.995667 -0.700335 -0.0986857 
386 1 5.04685 6.30345 0.357929 -1.17438 -0.520095 -1.12011 
387 1 1.40149 5.67659 6.21866 -0.0624363 0.588177 0.798384 
388 1 9.35869 9.08246 4.21117 -0.234648 -0.019585 0.291798 
389 1 6.77788 6.47107 2.34017 -0.805895 -0.684357 -0.473828 
390 1 3.87626 6.61872 1.98459 0.875431 -0.0318626 0.623918 
391 1 4.96529 6.9453 9.02576 -0.170746 -0.163216 0.457668 
392 1 9.30829 6.32946 5.27309 -0.900247 -0.386917 -0.0300302 
393 1 7.14662 3.13155 7.96311 0.396262 1.1221 -0.510307 
394 1 6.49608 2.76946 6.27293 0.490645 -0.17574 0.427566 
395 1 4.34194 2.19863 2.12019 -1.39971 -0.531964 1.09053 
396 1 0.303032 6.85202 3.55179 1.04165 1.15679 -0.209866 
397 1 3.38736 4.51344 4.65699 0.243173 0.0963891 0.496303 
398 1 5.04305 0.0477476 1.2604 -0.156563 -0.324839 0.18232 
399 1 4.26997 0.578323 7.67645 1.6694 1.46805 -0.444465 
400 1 4.93941 4.04732 5.60598 -1.0353 -1.23836 -0.569534 
401 1 3.2676 3.66163 7.35468 1.18894 0.666869 -1.18698 
402 1 8.51581 3.33293 2.38465 0.974348 -0.592737 -0.989799 
403 1 8.35976 2.29276 2.89802 0.113771 -0.0835893 0.0185324 
404 1 7.36329 7.00174 8.1822 0.498246 -0.351779 1.32553 
405 1 7.26347 6.75324 1.52928 -0.0330507 0.135523 -0.0308953 
406 1 2.38087 0.7789 2.09185 -1.0192 0.444111 1.20997 
407 1 7.14429 7.80467 0.21738 -1.17535 0.555898 0.188878 
408 1 7.04086 2.50825 3.56553 0.635791 -0.617598 -0.381854 
409 1 6.71893 3.01559 2.76836 -1.36189 0.779153 -0.697034 
410 1 7.6829 8.8831 8.45249 0.138775 -0.363092 0.364755 
411 1 6.30303 0.0303438 9.06866 -0.433659 -0.194155 -0.551218 
412 1 5.61003 7.29668 3.6208 -1.19597 -0.859453 -1.08348 
413 1 0.0398164 6.69162 6.18499 -1.42285 -0.928804 -0.259537 
414 1 8.6625 8.11 5.50763 0.728672 0.367348 0.147518 
415 1 8.52445 8.96925 3.53798 -0.610626 0.0102338 -1.23482 
416 1 4.80229 9.39245 3.05631 -0.157009 0.452365 0.404874 
417 1 2.94706 8.37523 0.687592 0.37257 0.34529 0.139483 
418 1 8.31888 4.26529 7.26377 0.985503 0.200456 -0.495333 
419 1 0.152902 4.57498 3.55825 -0.773852 -0.0444625 1.1194 
420 1 1.36991 5.44423 5.26526 -1.25152 1.29569 1.18252 
421 1 7.54997 2.29073 0.58556 -0.212576 -0.0657144 1.80786 
422 1 9.14566 3.88111 1.17624 -0.584467 -1.27826 0.610662 
423 1 8.52999 5.82325 3.81019 0.462099 -0.577638 -0.459199 
424 1 1.74532 7.83132 3.35904 -1.26113 -1.5885 0.0977373 
425 1 3.67749 1.42685 3.43343 -0.198481 -0.54539 -0.0499839 
426 1 0.878005 1.66073 7.76732 0.353237 -0.378197 -0.0893268 
427 1 4.46537 8.66683 1.1903 1.02636 0.471309 -1.47969 
428 1 9.0282 5.2193 3.11013 -1.43861 1.04209 0.0667711 
429 1 8.24616 3.95118 8.16946 0.309972 0.143582 0.221258 
430 1 2.68864 4.23222 6.73051 0.486516 0.654458 0.212113 
431 1 4.62913 0.904125 1.21065 -0.592723 -0.596718 -0.667857 
432 1 0.0571524 0.591799 0.4633 -1.49589 0.439487 -0.01068 
433 1 5.8847 0.992104 4.78077 -0.572992 -0.318112 -1.14957 
434 1 0.934471 7.02001 4.61856 0.0443724 1.07303 -1.00497 
435 1 8.1768 7.34502 6.08121 0.290814 -0.214688 -0.35279 
436 1 7.81568 6.22609 4.3743 -0.128402 -0.492649 0.13764 
437 1 3.45261 9.00988 1.20073 0.152991 -1.01883 1.74923 
438 1 1.15548 1.86188 9.26113 -1.19397 -1.33055 0.138938 
439 1 4.99805 8.93728 0.439612 -0.0916635 1.17014 0.285472 
440 1 1.64329 1.18301 2.69183 -0.130588 -0.0573456 -0.53209 
441 1 7.07385 4.75247 5.30785 -0.758352 0.783176 -0.267682 
442 1 6.29215 4.56474 6.77164 0.359483 -0.0591575 0.0301481 
443 1 5.89325 0.867154 9.24851 -0.115738 0.981494 0.515368 
444 1 4.19427 0.141572 0.810889 0.672587 0.754872 -0.516852 
445 1 6.18531 3.07216 8.09508 0.238684 0.737064 -0.738899 
446 1 2.20343 3.96175 1.62968 0.227943 -0.534902 -0.494273 
447 1 7.01887 8.78728 2.74536 1.33168 -1.25211 0.56685 
448 1 1.6551 3.92951 2.83636 -0.0686393 0.519725 0.100141 
449 1 8.40213 6.41871 0.248194 0.938725 0.145008 1.66724 
450 1 2.36215 1.7534 3.80505 0.434514 0.843295 0.681222 
451 1 3.064 3.27354 0.176492 0.14551 0.56299 1.18692 
452 1 7.07091 0.959943 3.59047 -0.542499 1.13779 -0.390926 
453 1 2.46994 8.09142 4.19489 -1.36448 0.932874 0.376197 
454 1 8.32141 1.78551 4.24513 0.653037 -0.218562 -0.146824 
455 1 2.48518 3.94053 3.30701 0.033255 0.429915 -0.63801 
456 1 2.51934 3.65625 5.91894 -0.622987 0.616129 0.19627 
457 1 3.34419 6.7262 0.3202 -0.448975 -0.710323 -0.114547 
458 1 9.39068 0.142807 8.19275 -0.110065 -0.978012 -0.587959 
459 1 9.21611 2.29353 5.55294 0.985414 1.19892 -1.5891 
460 1 4.49088 1.35178 7.19712 0.422787 0.206159 -0.168518 
461 1 0.948392 5.6386 0.646818 -0.491712 0.188689 -1.14979 
462 1 7.26909 3.42703 6.02054 0.0498028 0.549925 -0.601313 
463 1 2.30366 1.2329 1.19658 1.1658 0.973929 0.437077 
464 1 4.82718 5.05305 5.79313 -0.449151 1.20634 -0.395725 
465 1 0.292389 4.67477 8.26685 0.160156 0.0370693 0.251929 
466 1 9.38906 0.49239 2.33796 -1.26593 0.19445 0.597181 
467 1 5.60715 5.2451 6.39892 -0.485504 -0.572795 0.235874 
468 1 1.0816 2.59923 1.63995 -0.159823 1.28432 -0.234122 
469 1 4.19363 2.35139 8.39213 -0.658665 0.307316 -0.101239 
470 1 8.61692 3.95102 5.41537 -0.258416 0.546201 0.736083 
471 1 8.94766 1.01535 5.75561 -0.765522 0.533872 -0.685132 
472 1 0.838837 2.09985 0.863435 0.257968 -0.462251 -0.496206 
473 1 8.07748 6.45031 8.64321 0.220319 0.167127 -1.444 
474 1 6.25396 5.43923 8.24289 0.178655 -0.143483 -0.841952 
475 1 2.57147 5.86711 3.23723 0.503243 -1.36646 0.531969 
476 1 6.5058 4.63636 7.7235 -0.0491064 -0.541981 -0.58942 
477 1 4.32649 1.65943 9.02208 0.149568 0.394982 -0.757406 
478 1 0.274867 8.90382 6.74264 0.151619 -0.0244046 0.33801 
479 1 2.36353 8.97891 4.55705 0.901786 -0.845831 -0.00526699 
480 1 2.88231 4.42356 1.11881 0.665234 -0.579267 -0.679918 
481 1 4.12497 5.72695 2.49627 -0.983396 -0.557996 0.754774 
482 1 1.74475 3.10829 1.18752 -1.27222 0.164405 -0.185994 
483 1 6.44562 1.55519 0.326715 0.417865 0.713446 -1.13393 
484 1 9.12671 7.91667 9.0572 -0.170844 -0.489732 0.748628 
485 1 8.9205 2.28288 3.66334 1.22239 0.228438 0.0997945 
486 1 5.20447 2.99776 8.39118 0.360074 -0.527796 -0.0661029 
487 1 1.89201 4.48202 9.23202 -0.0398802 0.025364 -0.398102 
488 1 7.02166 8.9594 4.34103 -0.943744 -0.317765 0.176676 
489 1 4.13213 3.4902 6.9749 -0.380112 -0.747787 1.15928 
490 1 5.8004 8.65553 9.36123 -0.442186 -0.0332862 -0.436734 
491 1 8.04709 6.86374 5.1902 -0.990121 0.661442 -0.339949 
492 1 7.70653 9.31477 0.577921 0.620199 -0.835772 -0.651026 
493 1 8.54766 1.82841 7.34735 -0.6383 0.917183 0.356383 
494 1 9.02898 7.72068 6.34342 -0.25595 -0.536242 0.884095 
495 1 6.34125 0.536793 4.08416 -0.563591 -0.577116 0.0877538 
496 1 0.561771 1.47923 3.44131 0.314596 -1.18656 0.594538 
497 1 5.04542 7.70066 4.26505 -0.926131 0.173202 -0.355115 
498 1 1.89732 8.23169 5.01618 1.77305 0.317111 0.525644 
499 1 7.4752 3.95935 0.198239 -0.397254 1.09552 -0.732939 
500 1 8.1173 3.16658 5.74603 0.414564 -1.16655 -0.367463 
501 1 1.35906 6.22399 1.32115 -1.93054 -0.119513 0.266429 
502 1 7.39101 8.39674 6.98674 -0.380268 -1.26165 -0.614525 
503 1 5.50343 6.66687 7.72575 0.0912895 -1.25078 0.558677 
504 1 7.25787 5.34191 6.0985 -0.153799 -0.000196169 -1.27071 
505 1 9.2872 8.30952 3.63406 0.266074 1.97607 0.638742 
506 1 1.79913 0.599907 5.1058 0.462404 0.416037 0.0210625 
507 1 4.66371 8.99189 2.06576 -0.727354 1.29961 0.284964 
508 1 0.190601 4.99591 6.40053 0.266078 -0.23153 0.349996 
509 1 2.48568 2.44059 4.44135 -0.138657 0.62133 -0.679336 
510 1 8.07852 7.10505 3.98931 0.871909 -0.482293 -0.641428 
511 1 4.81462 3.62727 3.72395 -0.683544 -0.12767 -0.464803 
512 1 0.73777 4.17098 6.55779 -1.10703 1.80954 -1.04614 
513 1 5.26416 6.4145 3.76738 0.39367 0.711533 -0.393936 
514 1 0.847211 7.91733 4.9957 -0.266873 -0.012525 -0.843433 
515 1 4.82738 9.29727 4.07843 0.444288 0.551395 0.930928 
516 1 7.28969 1.67492 9.28055 1.36854 -0.0340517 -0.691402 
517 1 2.77149 4.20965 0.0806115 -1.23636 1.99391 0.434252 
518 1 8.02064 8.29076 6.23039 1.48974 -1.09099 -0.751366 
519 1 6.82849 7.85309 2.80008 -0.605036 -0.998521 0.893121 
520 1 7.57235 5.63807 2.77332 0.117184 0.424864 0.48877 
521 1 4.57067 1.54047 3.87964 0.237376 -1.08739 -0.210678 
522 1 6.4572 4.17348 3.75193 -0.803156 0.870565 -0.571275 
523 1 7.59273 1.97277 5.35474 -0.468601 -0.768605 1.22927 
524 1 5.28577 8.34311 1.66666 0.980169 -0.544875 1.38837 
525 1 8.96388 1.31675 0.859843 -0.0725827 -0.563161 0.362672 
526 1 5.9939 4.56938 8.5617 -0.00578829 1.23617 1.0615 
527 1 4.37672 0.462008 4.7053 0.659473 -0.914099 0.425212 
528 1 6.00939 1.88297 5.01565 -0.308024 -0.252099 -0.0376628 
529 1 7.54368 3.02706 9.33164 -0.584759 0.043319 -0.127861 
530 1 7.60585 8.68 3.57678 -1.05736 -0.636838 0.696844 
531 1 8.10663 7.81636 0.247236 1.11096 0.775745 0.985549 
532 1 8.01789 1.28457 5.89167 -0.806396 0.865841 0.693282 
533 1 5.34135 7.80142 9.25232 0.254179 -0.379043 0.152114 
534 1 2.72171 6.43279 4.32527 0.0514459 -0.00142778 1.04631 
535 1 3.1057 3.9092 2.03115 -0.390898 -0.342569 -1.2187 
536 1 7.48541 5.83337 1.83528 -0.973965 -0.878105 0.981671 
537 1 3.25049 5.85518 2.04782 0.512432 -0.552817 0.222152 
538 1 5.34456 9.00271 8.0756 0.0199414 -0.911458 0.329233 
539 1 6.17078 8.29961 5.81475 0.897224 -0.611907 -1.5488 
540 1 9.14289 7.19599 1.68146 0.748435 -0.320251 -0.595058 
541 1 3.50593 0.281766 4.23953 -0.142479 -0.209717 1.1672 
542 1 8.76175 6.67644 3.43315 0.802331 -0.262208 0.460838 
543 1 1.6889 5.98779 2.85262 -0.438983 0.118397 0.6279 
544 1 4.0044 5.32674 5.20761 0.305196 -0.246282 0.359197 
545 1 6.69795 8.41822 3.56947 0.961347 -0.152399 0.694127 
546 1 6.89613 9.36131 8.32129 -0.777518 -0.786915 -1.05134 
547 1 1.13399 4.82976 8.73508 0.108161 -0.327435 -0.442655 
548 1 4.73965 1.3356 4.85228 0.731639 -0.242586 0.790458 
549 1 8.00977 6.95471 7.40197 -0.375958 0.947247 -0.904088 
550 1 4.21736 7.12632 0.200029 -0.487405 -0.366568 0.221126 
551 1 2.21306 1.78827 0.407038 -0.634884 0.212088 0.953127 
552 1 8.80315 4.87127 7.87889 -0.159966 0.0437569 1.38125 
553 1 6.70346 2.21328 5.54741 -0.884026 0.18647 0.320481 
554 1 1.11543 4.70169 0.365337 -0.423498 0.603231 0.153218 
555 1 1.92307 6.30628 3.77857 -0.623094 -0.104022 1.84483 
556 1 0.231758 6.30941 8.16532 -0.493869 1.01331 -0.393972 
557 1 9.05215 2.24166 4.6219 -0.0139653 -1.08283 0.0478527 
558 1 3.19482 8.77276 4.04911 -0.798324 -0.996281 0.877024 
559 1 3.3198 3.56985 6.42145 -0.0594911 -1.18282 -0.335279 
560 1 4.49052 9.30462 8.34566 0.633262 -0.406173 1.71501 
561 1 8.31616 4.06954 1.6976 0.874136 0.694305 0.292621 
562 1 4.6396 9.12318 7.389 0.536593 0.897518 0.105219 
563 1 4.03852 5.77465 6.06979 -1.41035 -0.327779 -1.28159 
564 1 9.10523 4.00709 7.78178 -0.196088 -0.578434 0.0381637 
565 1 3.83377 7.58309 1.94163 0.336913 -0.710864 -0.542589 
566 1 -0.0114592 3.72241 3.00993 0.507942 0.270302 0.642645 
567 1 5.47786 7.3138 1.44481 -1.17621 -0.708325 0.486247 
568 1 4.8755 6.22544 2.11758 0.442526 0.623232 0.551519 
569 1 1.58715 2.50473 0.444573 -0.838878 0.0642591 -0.205658 
570 1 0.340198 2.81197 8.59804 -0.0277623 0.415155 -0.0868064 
571 1 5.08762 7.22499 0.564042 1.09412 1.59502 -0.484383 
572 1 8.65394 4.05924 4.45765 -0.417892 0.0145974 -0.39342 
573 1 0.275104 4.95399 0.792408 -0.98995 -0.329733 0.374472 
574 1 8.17029 5.6443 6.324 -0.420492 -0.596246 -0.3195 
575 1 5.90041 6.18748 3.03652 1.29327 -0.741933 -0.322276 
576 1 2.35912 2.30617 8.08924 -1.62217 -0.868602 0.534726 
577 1 0.147459 9.33533 5.86642 -0.535362 0.74962 -0.869415 
578 1 5.91224 8.08524 4.05815 -0.491786 0.828578 0.588331 
579 1 1.77722 6.33952 5.5466 0.053681 -0.363626 -1.36534 
580 1 1.2823 2.11929 4.35583 -0.46988 0.423431 -0.74297 
581 1 8.12642 9.31409 1.41142 1.0308 -0.54385 -1.02222 
582 1 4.54892 6.79225 5.72108 0.86752 0.900496 0.140978 
583 1 1.75015 3.02748 4.5782 -1.18798 -0.0134332 2.08291 
584 1 0.877601 3.49784 3.23273 0.276108 0.209884 0.370764 
585 1 4.12608 2.01909 4.59487 0.936045 -0.940441 -0.502349 
586 1 9.22547 7.18119 8.421 0.994671 -0.121406 1.53809 
587 1 8.01524 9.24827 4.35155 -1.31005 -0.544677 -0.218788 
588 1 6.74574 7.69418 5.33863 -1.13237 -0.853096 -0.764726 
589 1 2.87039 2.58955 2.45364 -0.446933 0.133891 -1.08207 
590 1 0.689934 5.48416 7.94285 -1.65844 0.761978 -0.599609 
591 1 0.574046 2.13275 4.99614 -0.761428 -0.471659 0.66505 
592 1 3.4514 0.269602 0.21666 -0.652336 0.639499 -0.786022 
593 1 4.29727 0.474548 5.69609 0.00575637 1.20198 -0.316736 
594 1 7.32037 8.46846 0.937926 1.23758 -0.162157 -0.486795 
595 1 7.01325 1.32204 2.72813 -0.861316 0.551903 0.780649 
596 1 8.27565 7.34892 8.2122 0.747112 -2.15797 -0.519256 
597 1 6.57891 1.22444 6.86518 0.377755 -1.37382 -0.899682 
598 1 3.53232 1.75316 2.50729 -0.328513 1.13861 0.994942 
599 1 0.955856 4.47863 3.11505 0.906554 0.464544 0.67133 
600 1 7.5286 1.96771 1.50798 0.110287 1.43655 -1.35115 
601 1 6.72138 9.15006 0.564095 0.405314 0.0603908 -0.366561 
602 1 8.05757 2.04351 8.21183 -0.0299061 -0.0327162 -0.758839 
603 1 8.40389 5.58061 9.04518 0.0694725 -0.564167 -0.989691 
604 1 8.85256 0.555633 1.49441 0.991088 -0.699545 1.3664 
605 1 7.68216 1.20688 4.84103 -0.220342 -1.26283 0.618405 
606 1 7.29219 7.9249 8.63636 -0.599315 -0.0601452 -0.0896229 
607 1 5.68049 3.68768 5.09272 1.09608 -0.10419 0.937539 
608 1 5.32013 1.97962 3.38246 -0.0889455 -1.42312 0.0625389 
609 1 8.95829 0.21923 6.61365 1.3761 -0.551659 0.574709 
610 1 5.60867 6.06622 6.99375 0.387616 -0.74824 -1.12194 
611 1 6.69001 2.1634 1.063 -1.54501 -0.30198 -0.0456132 
612 1 5.76718 3.40556 5.99514 -0.163649 -0.193664 0.592429 
613 1 4.69105 2.67174 6.89683 0.526692 0.241898 1.35344 
614 1 1.72511 3.59361 5.36523 -0.702762 0.393246 -0.153448 
615 1 8.30935 2.92326 0.497345 -0.41718 0.855587 -0.0086341 
616 1 0.131523 4.5845 2.60161 1.48275 0.920235 -0.312178 
617 1 6.49713 5.56161 6.62978 0.843556 -0.82068 -0.205738 
618 1 7.78166 0.199374 3.49774 0.0535631 0.759206 0.675639 
619 1 5.66172 1.32504 8.44341 -0.0550252 0.153718 0.0549031 
620 1 2.69673 4.62173 5.83576 0.388769 -1.70111 0.165592 
621 1 1.18917 2.92577 9.10839 -0.865902 0.301007 0.0690803 
622 1 7.43024 2.50603 6.12975 0.314045 -0.587868 -0.0101637 
623 1 4.1918 3.51702 5.18626 0.730486 -0.504051 -0.422296 
624 1 8.32676 1.37107 1.57515 -0.550758 -0.793131 0.916197 
625 1 8.75385 4.81283 5.03103 -0.793033 -0.0293702 -0.18594 
626 1 6.4922 7.14122 4.59788 0.979707 -0.497757 -0.985239 
627 1 4.99535 7.88388 3.14014 1.38243 -0.147319 -0.185068 
628 1 0.583136 5.61337 1.51715 -0.168694 0.43403 -0.333332 
629 1 0.828569 6.82403 1.85682 -0.472517 -0.140812 0.624471 
630 1 7.47469 3.78175 8.65854 1.09105 0.436314 -1.1754 
631 1 5.90519 6.30461 8.52449 -0.316211 0.109132 0.493941 
632 1 3.07798 2.17536 3.28562 1.1145 -0.80829 -1.09144 
633 1 0.0488196 6.54951 7.20743 -0.689542 -0.013385 0.378534 
634 1 5.58892 0.0909617 4.6423 0.0993559 0.608168 0.221422 
635 1 8.75557 4.65758 6.03785 0.772704 0.305831 1.59041 
636 1 0.201029 4.7298 5.47649 0.610483 -0.0254497 0.0785735 
637 1 5.06472 0.576424 7.11302 -0.460689 -0.71312 0.457655 
638 1 4.46246 5.45393 7.89969 -0.0244924 -1.04322 -1.12626 
639 1 6.22137 6.58944 3.85951 -2.0386 0.923002 0.284955 
640 1 0.540765 4.00971 0.697549 0.234781 -0.629946 0.0242757 
641 1 1.418 3.75558 0.288558 -0.415216 0.822269 -0.013085 
642 1 8.43113 7.66109 2.20633 -1.67713 -0.894563 1.23072 
643 1 6.47717 9.40314 2.24614 0.0202536 -0.580944 -0.331189 
644 1 4.72429 7.15851 2.1045 -0.380293 0.357279 -0.167773 
645 1 1.0045 1.12105 8.61072 -1.03846 0.304647 -1.06858 
646 1 7.82104 6.38253 3.3996 1.44542 -0.714997 -1.0308 
647 1 8.05958 1.33924 8.84211 0.586388 -0.481418 -0.0569728 
648 1 0.0716029 3.86704 5.01203 1.97973 -0.310969 -0.327583 
649 1 8.0728 0.743114 0.927183 -1.12436 -1.09034 -0.318529 
650 1 3.97055 2.31542 3.68579 2.89999 -0.434479 -1.2228 
651 1 0.407268 2.12376 2.13364 1.20578 2.02076 -0.749416 
652 1 8.72426 9.19986 2.14862 -0.36793 1.28191 0.790845 
653 1 3.17553 1.92856 6.66063 -0.374499 -1.17997 0.957522 
654 1 9.01931 6.32547 8.9072 -1.55969 0.479368 0.448954 
655 1 6.80132 6.90246 0.381416 -0.115345 -0.00117957 -0.0909427 
656 1 8.57459 0.330831 2.93151 -0.0845943 -1.39489 2.13967 
657 1 1.32048 2.09604 2.47916 1.56217 0.873349 0.944863 
658 1 0.473564 2.49585 6.27965 -0.188804 0.478602 -1.42105 
659 1 8.53864 6.42237 5.92131 0.759885 -0.136285 -0.207231 
660 1 4.12065 0.764035 8.64409 0.608029 -0.321739 0.11805 
661 1 0.802287 5.98653 2.37026 1.71819 -0.934362 1.097 
662 1 4.81151 9.1436 5.17046 -1.15459 0.61113 2.00119 
663 1 5.08455 2.08619 8.61994 0.555001 0.332865 1.19405 
664 1 3.2043 3.77332 8.32984 0.0295204 0.809066 -0.605715 
665 1 0.0741922 2.19701 7.86148 0.415346 -1.07492 -0.052819 
666 1 7.49338 6.24182 0.041027 1.01196 1.46976 -0.515365 
667 1 7.70391 7.04163 0.683001 -0.71586 -0.0376285 0.668747 
668 1 8.81871 3.39077 7.10697 0.646156 0.97877 0.344201 
669 1 3.60248 8.06313 3.55161 -0.169261 -0.61776 0.764984 
670 1 4.727 6.6865 1.27872 0.888108 0.848575 -0.318234 
671 1 8.98121 3.00945 6.17962 1.09754 0.526406 0.604884 
672 1 1.26433 7.01444 3.73233 -1.28118 -1.13286 -0.863185 
673 1 8.65168 4.2953 2.57655 1.62435 -0.963536 1.01199 
674 1 7.12531 3.80482 5.17901 0.236185 0.951364 -1.11873 
675 1 5.91488 1.25901 3.63344 -0.102323 -0.616658 -0.863476 
676 1 0.417968 2.48913 0.0938138 0.121913 -0.677792 0.308615 
677 1 0.768601 3.93347 2.37916 0.475311 0.461104 -0.0129346 
678 1 8.53992 1.46548 3.36378 0.758774 0.761824 -0.332651 
679 1 8.12079 2.27939 9.1649 1.03052 0.562431 -0.51452 
680 1 5.79906 3.93314 7.82292 1.24732 0.587558 -0.808751 
681 1 5.77124 1.4032 2.68976 0.221817 -0.715185 -2.16502 
682 1 4.26951 0.319537 6.6744 -0.868619 0.343087 -1.58786 
683 1 8.38859 5.68309 8.11295 -1.65983 -0.613835 0.73647 
684 1 8.71176 6.76871 2.45672 -0.267361 -0.407542 -1.06178 
685 1 8.63885 8.66139 9.40139 0.823626 -0.609485 0.585649 
686 1 2.77876 2.96935 8.69258 0.0271849 -0.821566 -0.947014 
687 1 3.38983 5.89908 3.76961 0.103015 0.68338 0.609369 
688 1 5.39595 5.75137 7.90745 0.500131 0.0496826 -0.738354 
689 1 2.24213 0.789154 8.43952 -0.472378 0.503723 0.691535 
690 1 0.533562 1.18048 1.07283 -0.786354 -0.23878 -1.00164 
691 1 7.81507 0.629058 7.09199 -0.192483 0.565241 -0.418833 
692 1 2.73758 7.68058 3.29318 0.084693 -1.51419 0.547124 
693 1 6.56197 7.41184 6.28713 1.74062 -0.157968 -0.193482 
694 1 3.83086 2.4768 9.30192 -0.715313 -0.764391 -0.862025 
695 1 4.70909 0.496164 2.14486 -1.52798 -0.619242 -0.0243774 
696 1 6.86742 5.90294 4.24665 0.157643 0.59982 -0.498448 
697 1 0.926466 0.843697 0.125227 -0.114649 -0.913745 -1.79791 
698 1 7.59109 5.5079 3.72959 1.11843 -0.265234 0.463966 
699 1 1.71092 3.511 3.70011 0.107032 0.327224 1.06327 
700 1 2.4384 5.44803 2.41113 0.158974 -0.337022 0.0331758 
701 1 2.75914 1.30393 2.9163 0.682003 -0.0542503 0.146078 
702 1 0.953338 9.32086 3.84619 0.412881 0.136865 0.468057 
703 1 5.82119 3.63 8.78197 0.439415 -0.740364 0.0100706 
704 1 2.83556 1.40019 8.07904 -0.663281 -0.183095 0.833725 
705 1 6.32916 5.02018 5.84324 -1.371 0.105286 1.32802 
706 1 6.09183 9.03478 3.03807 0.593196 0.008317 0.46137 
707 1 4.30945 0.635254 3.71301 0.738361 -0.163179 0.123945 
708 1 0.0574868 1.51007 7.19942 -0.349236 -0.607484 -1.22639 
709 1 0.147057 8.71248 8.68638 -0.769177 0.0826331 -1.49543 
710 1 3.59044 7.85996 0.12055 0.814757 0.176938 -0.664258 
711 1 7.15748 7.0057 3.04426 -1.25371 0.647257 -0.518908 
712 1 5.7896 8.8605 1.05745 -0.0386695 -0.754749 2.21873 
713 1 4.08755 7.54813 4.20742 -0.491527 1.7115 -0.759932 
714 1 1.83078 4.57521 5.40155 0.772557 -0.239863 -0.555249 
715 1 1.98394 6.9307 3.0399 -0.544469 -0.214148 0.413154 
716 1 6.45328 1.8115 8.74796 -0.27406 -0.438279 -0.769938 
717 1 2.36913 3.43639 2.44929 -0.694743 0.838304 -1.51923 
718 1 8.00365 2.98953 8.43968 -1.12962 0.420798 0.109629 
719 1 4.13265 3.87141 6.06308 -0.29445 0.249047 0.540428 
720 1 9.35291 1.32719 1.81262 0.288135 0.292778 0.529655 
721 1 2.3737 6.02992 1.63441 -0.604278 0.439113 0.647064 
722 1 7.63216 1.77329 3.41953 -1.0016 0.709051 0.0243556 
723 1 6.11472 2.2468 3.88097 -0.403151 0.773046 1.00321 
724 1 3.2618 8.94675 3.06981 -1.26875 0.0385796 -0.425198 
725 1 5.74989 3.61703 6.92782 -0.268823 -2.5169 1.55292 
726 1 4.57005 8.36515 8.06628 0.454932 0.368726 -0.847425 
727 1 5.74183 7.22876 8.53691 -0.385598 0.963607 0.300495 
728 1 4.93257 3.49641 6.43572 0.587592 -0.501174 0.131173 
729 1 0.925939 0.940141 7.12755 -0.213569 -1.57431 -0.400847 
730 1 4.59354 8.8565 6.07687 0.085205 0.192351 0.317701 
731 1 3.33846 4.90923 3.77493 -0.0337022 0.360959 -0.251398 
732 1 0.346084 3.11712 5.55612 0.454195 -1.16559 -0.746284 
733 1 8.92775 4.313 8.72078 -1.0852 -1.28511 0.223034 
734 1 1.56071 9.01613 6.37614 0.357599 1.31488 0.468025 
735 1 1.91732 0.545881 0.58271 0.123561 -0.290465 0.513694 
736 1 2.68168 2.21503 5.45991 0.302123 0.22572 0.81617 
737 1 2.92541 5.40129 1.18483 -0.183712 -0.432938 1.59253 
738 1 8.94362 2.21969 0.422163 -0.971868 1.24989 -1.09778 
739 1 5.59819 4.31473 6.19528 -1.02148 -0.115787 0.226289 
740 1 3.15814 2.13875 7.61211 -0.233979 0.299551 -1.35957 
741 1 8.01787 4.83023 8.44097 -1.74597 0.360346 0.94668 
742 1 5.48039 2.97749 3.86096 0.330572 1.24978 0.970627 
743 1 2.02682 1.34157 5.67122 1.14058 1.0143 -0.6978 
744 1 4.11261 2.92603 6.19534 0.283841 0.83829 -0.0986495 
745 1 7.4409 4.30263 7.76615 0.646245 0.0761742 0.136854 
746 1 8.6114 8.49065 4.35554 -0.353669 0.598865 -0.513587 
747 1 1.62998 5.41318 -0.0131347 -1.5743 -1.26864 -1.13196 
748 1 2.56837 4.20025 7.71074 -1.48042 -0.793646 -0.288457 
749 1 4.27709 5.86021 4.50454 0.715292 -0.442498 0.13858 
750 1 3.42815 2.64547 0.836064 0.377347 0.773658 0.35757 
751 1 6.72382 2.43566 0.0878947 0.728556 0.922661 -0.797276 
752 1 5.13802 0.238774 6.21306 0.699063 -0.0179903 -0.945888 
753 1 3.29767 5.33107 2.88869 0.527428 -0.539497 -1.12092 
754 1 9.39639 6.30888 1.89805 -0.354886 -0.182958 -0.327261 
755 1 8.16619 2.82155 6.70535 -0.557343 0.532441 1.42897 
756 1 6.2204 8.44457 2.27543 1.41398 0.714117 -0.139608 
757 1 3.71881 7.00914 3.50273 0.205459 -0.260969 0.469662 
758 1 9.03112 3.01899 9.29634 -0.119442 0.971853 -0.385273 
759 1 5.82727 0.128225 0.445432 -0.813833 -0.761694 -1.15237 
760 1 1.70242 5.41984 3.62304 0.406829 0.147741 0.0858966 
761 1 1.65912 5.00692 2.76929 0.195918 0.815054 -0.424437 
762 1 4.93278 3.73228 7.39088 -0.0440314 0.627827 0.334668 
763 1 1.84389 3.05492 8.45806 0.0684354 0.165594 0.439512 
764 1 1.1848 2.77189 5.28559 -0.00920973 -0.421786 -0.66203 
765 1 5.70483 1.01112 0.786501 -0.989221 0.458567 -1.19752 
766 1 5.91709 2.61405 8.9278 0.59967 -0.35083 -0.37188 
767 1 0.262265 0.30352 7.28072 -1.38732 1.06317 -0.340381 
768 1 0.32787 6.31315 4.37587 -0.131698 -1.13183 -0.498974 
769 1 6.45038 6.06394 7.46026 0.252139 -1.62105 0.256121 
770 1 9.38205 1.39475 4.99254 0.81797 -0.139715 -0.152503 
771 1 7.22554 3.98974 4.28699 1.50411 -0.808224 -1.09095 
772 1 0.848153 0.237219 6.48717 -0.601443 0.251107 -0.576839 
773 1 5.71761 7.45554 5.8228 -0.16074 -0.37359 -0.36952 
774 1 5.24057 2.23746 2.45569 -0.398946 1.24369 0.608057 
775 1 2.23138 5.49062 5.69422 0.614605 -0.594534 1.81269 
776 1 7.11908 6.52881 4.97837 -0.341092 -0.499552 -0.0533213 
777 1 1.80542 0.274058 4.19586 0.413217 -0.0538949 -0.737064 
778 1 2.38728 4.43135 2.45348 -0.616221 0.996204 1.39008 
779 1 8.15996 8.52119 7.6854 -0.676586 -0.339343 -0.216029 
780 1 3.50011 2.77596 6.96504 -0.658435 -0.170106 1.21869 
781 1 8.15542 9.05019 6.86128 0.0451088 0.55571 -0.656021 
782 1 4.88599 7.35129 8.11511 0.104807 -0.224169 -0.615554 
783 1 1.73306 1.26258 4.39072 0.0159928 -0.528023 -0.670635 
784 1 4.92845 7.25786 7.1532 -2.0831 0.548786 0.169455 
785 1 4.703 1.35982 8.14271 -0.225269 0.661535 1.00201 
786 1 2.95813 1.02791 3.92512 -0.37843 -1.26016 -0.283673 
787 1 0.464804 3.45778 9.34547 -0.000757991 -0.225631 0.285068 
788 1 8.72591 6.53325 7.90578 -0.664204 0.429601 -0.971116 
789 1 0.443749 1.65157 5.82943 0.633401 -0.380513 -0.786617 
790 1 3.7812 1.50411 8.15883 -1.31266 -0.100833 0.774482 
791 1 1.14796 1.59927 1.68724 0.351061 -0.910745 -0.178111 
792 1 3.86452 7.09203 1.11528 1.05668 0.42024 0.660941 
793 1 3.12296 9.20525 2.12224 -0.0276519 -0.123534 1.42401 
794 1 6.77919 0.878655 8.88217 -0.761499 -1.33605 0.753148 
795 1 7.31002 7.07393 5.78759 -0.0972334 0.664924 -2.08466 
796 1 1.25895 3.48125 7.02832 -0.543862 0.362265 -0.597872 
797 1 7.31139 1.07535 1.82958 -1.36984 0.936415 -1.01297 
798 1 7.02199 4.4359 6.19045 1.20479 -0.845779 -1.268 
799 1 5.23548 6.87903 2.86366 -0.382889 0.433026 0.674737 
800 1 9.33382 3.01927 0.815168 0.858051 1.30522 1.27999 
801 2 5.31907 8.61479 2.62209 -0.109994 -0.870233 -1.33149 
802 2 1.11996 1.06983 6.11175 -0.197555 -1.21762 1.22457 
803 2 8.89161 9.16125 7.46454 0.00530358 -0.570498 -0.920117 
804 2 8.07994 7.25195 3.02454 -0.913543 -0.459864 -0.951498 
805 2 6.87206 6.11814 3.28988 0.172203 0.106202 0.0887121 
806 2 8.33848 2.26637 5.92957 0.593205 -0.503518 0.840603 
807 2 0.710044 1.35298 4.38123 -0.304369 0.0113913 -0.394794 
808 2 3.58804 -0.000899698 8.68925 -0.805877 0.11652 -0.881196 
809 2 4.85191 2.29961 5.99512 0.630204 1.46727 -1.52691 
810 2 5.84513 2.18521 8.05756 0.780635 0.160066 0.308076 
811 2 0.619478 3.45633 1.53913 0.551884 1.06738 0.148871 
812 2 5.3686 1.52925 5.67074 -0.333427 0.954723 0.756367 
813 2 8.15163 0.0410468 9.11918 -0.794432 -0.0665766 -0.685159 
814 2 7.74396 3.00914 2.9494 0.690879 -0.520078 -0.451079 
815 2 9.1936 5.6921 7.54661 -0.824982 -0.0618721 1.16433 
816 2 6.35023 2.89334 7.19456 2.07049 1.36267 0.11236 
817 2 4.11329 5.82188 1.52731 -0.0962098 1.05092 -1.37996 
818 2 0.19983 8.32047 5.6826 -0.823813 -0.113658 1.34018 
819 2 5.593 2.68221 6.58448 -0.476781 1.15276 -0.0953947 
820 2 1.7781 1.62734 8.39585 -0.0861749 -1.5444 -0.775514 
821 2 8.75679 5.08171 6.92287 0.526621 0.647777 0.51676 
822 2 1.75458 4.03355 4.51766 0.0595258 0.656522 0.0738401 
823 2 9.34645 0.395623 4.83944 -1.59194 -0.107053 -0.00384568 
824 2 3.28726 3.90944 3.81806 1.05609 -0.134764 -1.46913 
825 2 4.74919 2.75293 3.20501 -0.371338 -0.319655 -0.487736 
826 2 8.58125 0.922064 4.68231 0.597287 -1.34121 0.292824 
827 2 6.47385 3.439 4.5346 -1.36976 -1.67683 1.53297 
828 2 8.72497 6.5651 4.4744 0.107227 -0.458159 -0.975245 
829 2 8.16156 0.158848 7.87709 0.662362 1.32797 0.160339 
830 2 9.19688 4.21597 6.84529 -0.676285 -1.38711 1.05569 
831 2 3.82691 1.16136 4.35946 -1.2153 0.555151 0.647853 
832 2 9.00879 7.55504 3.02015 -1.2472 1.8638 0.0345053 
833 2 6.41288 6.93344 7.8917 -0.342461 0.456197 -0.974791 
834 2 0.101228 3.13008 7.702 -0.261712 0.452463 0.662554 
835 2 6.46632 9.23601 7.50342 -1.23271 0.0186536 -0.965584 
836 2 8.86402 6.41959 1.09077 -0.189023 0.608014 0.220126 
837 2 2.54016 6.1737 0.65183 0.892747 0.235046 -0.31361 
838 2 2.86018 4.64174 8.59467 -1.15557 -0.0722193 -0.173831 
839 2 2.13044 5.82139 4.79777 -0.277695 0.397272 1.05949 
840 2 7.86007 4.43219 4.86999 -0.473958 -0.771108 0.0360873 
841 2 4.2446 8.54631 2.93076 0.512686 -0.0922889 0.398731 
842 2 4.1366 5.33972 3.403 0.21884 1.14351 0.0423901 
843 2 2.5528 4.45995 4.14521 0.658369 1.66266 0.506102 
844 2 0.033158 6.12101 2.97189 -1.16581 0.355702 -0.590802 
845 2 7.15223 6.78551 3.97319 -0.0548541 0.559954 -0.954682 
846 2 6.53781 7.47358 3.68196 0.569898 0.397656 0.406462 
847 2 1.53731 0.29741 8.81639 0.0488297 1.11377 0.730855 
848 2 8.00884 3.57255 3.89094 -1.12948 -0.0856717 1.15174 
849 2 1.0699 9.13952 7.29784 0.592394 1.27895 -0.155806 
850 2 3.24807 2.15737 8.56349 -0.172931 -0.67261 -0.400659 
851 2 2.05269 9.13173 5.48376 0.0995973 -0.401072 -0.424765 
852 2 7.42602 7.7313 3.66047 0.495122 -1.09145 -0.742871 
853 2 7.93203 4.74964 6.51412 -0.157333 2.37207 0.397741 
854 2 6.66129 7.70357 7.26222 0.57536 0.292737 0.444165 
855 2 2.66277 0.10039 3.77748 -1.17664 0.863561 0.229502 
856 2 0.346001 3.76717 8.45735 -1.25388 -0.775486 -0.453794 
857 2 5.94617 8.05055 3.11168 -0.109491 -0.486933 0.00496451 
858 2 6.77428 8.04215 4.44629 -0.960995 -0.138815 0.203717 
859 2 6.53648 7.37132 2.02509 1.21337 -0.340355 1.38776 
860 2 4.21036 4.44409 5.16784 -1.06143 0.403681 -0.999997 
861 2 4.07211 5.24223 6.87612 -1.07075 -1.28675 1.14121 
862 2 8.6288 3.17887 3.30382 -0.435535 0.251118 -0.132711 
863 2 9.37289 3.88927 5.98904 -0.657653 0.0401119 -0.835856 
864 2 5.26993 6.03137 4.63483 1.30742 -0.452702 1.12057 
865 2 6.93212 0.299087 6.7847 0.667929 0.606192 -0.476735 
866 2 4.30795 6.61216 6.60628 0.350599 1.45387 0.631427 
867 2 6.11391 9.01296 4.02086 -0.58606 0.0243666 -0.512991 
868 2 5.4269 1.72846 4.30526 0.262065 0.0346181 -0.439772 
869 2 5.629 1.77367 9.30701 1.14308 -0.451613 0.97856 
870 2 7.34307 2.87231 5.22895 -0.369193 -0.0520267 -1.47899 
871 2 3.33262 3.5292 4.70901 -1.43121 -0.173582 1.16516 
872 2 0.435652 6.41697 1.0049 0.706513 0.595791 0.00995942 
873 2 7.89334 3.95778 2.99761 -0.341317 -0.150896 0.0425501 
874 2 5.74875 2.50537 5.66581 0.808454 0.405947 1.57925 
875 2 2.44183 7.47126 2.37498 0.304043 0.446129 -0.315172 
876 2 9.38453 9.31244 3.2718 0.81338 -0.0560386 -0.346194 
877 2 8.6846 6.87042 6.74384 -1.13632 -0.207582 -0.324353 
878 2 1.73617 4.47509 3.64655 -0.586489 -0.0798543 -0.140342 
879 2 4.93926 3.27555 4.60833 -0.110331 0.358343 1.48014 
880 2 5.04868 1.02493 3.20238 0.525875 0.388882 0.101865 
881 2 6.64908 2.48802 4.63542 -0.22648 0.17752 -0.123901 
882 2 3.95838 0.00367885 2.60664 0.0638634 0.436153 0.813911 
883 2 5.44593 6.58636 5.41845 0.98106 -0.585556 1.25611 
884 2 0.577756 5.78309 6.86018 -0.800878 0.407115 -1.14274 
885 2 1.84821 2.10614 1.25919 0.626378 -1.36985 0.212168 
886 2 2.11338 0.874122 3.49296 0.463219 -0.0551807 0.817082 
887 2 8.14216 4.94314 3.15949 0.648637 0.411732 0.879167 
888 2 1.46899 1.71562 3.47321 1.1585 0.161197 -0.202741 
889 2 8.87258 1.5206 8.19512 -0.0172998 0.696333 0.832401 
890 2 7.73564 7.86046 5.39846 -0.511827 0.311096 2.45343 
891 2 2.18212 1.70355 2.07671 -0.023847 0.33883 -0.919128 
892 2 8.87736 2.39633 8.59213 0.048774 -0.0640109 -0.0873986 
893 2 8.77796 4.9273 4.00585 0.789746 -1.17429 -1.83379 
894 2 4.04379 8.94916 4.55582 -1.40858 0.50075 -1.06251 
895 2 2.77591 0.955956 0.367099 -0.683271 1.06189 0.00730049 
896 2 4.98705 5.32425 7.10499 0.887925 0.958983 -1.19299 
897 2 3.37022 5.73637 0.381479 -0.255042 -0.699763 0.1957 
898 2 7.43365 7.37391 4.65331 0.201056 -0.107197 0.342189 
899 2 9.2747 0.903215 3.1841 -0.530246 -0.327101 0.945316 
900 2 4.05114 1.21453 1.90001 0.16615 -0.190288 -0.836274 
901 2 7.21406 0.0193871 9.19177 -1.05033 0.942231 -0.808483 
902 2 8.74584 0.439168 3.87748 -0.746749 -0.355556 -1.0929 
903 2 1.33662 2.02656 5.91557 0.243718 0.628187 -0.548491 
904 2 0.292453 8.73834 7.72358 1.57378 0.116547 -0.695686 
905 2 6.01532 0.621413 7.32225 1.40104 -0.154373 0.719838 
906 2 4.07063 4.33192 3.4446 -2.00459 1.09954 -1.56013 
907 2 8.50293 1.71502 5.18934 -0.0973329 1.07502 0.0282702 
908 2 7.7933 6.58318 6.55559 1.49093 -0.377161 0.238597 
909 2 0.257892 4.86745 7.34129 -0.627315 0.653989 -0.278271 
910 2 3.1212 7.37359 4.15357 1.16045 0.365634 0.987449 
911 2 5.27433 4.81294 7.97188 0.840092 -0.862159 -1.00173 
912 2 9.27664 6.84772 0.294461 0.395411 0.963617 0.66747 
913 2 1.97026 2.79366 5.84255 0.648965 -1.25228 -0.941733 
914 2 2.179 6.87894 1.25427 -0.160405 0.527182 0.79092 
915 2 7.25242 1.48263 8.31267 0.154728 0.299201 0.12162 
916 2 2.96363 1.409 5.87655 -1.01807 -0.346397 -0.244532 
917 2 8.59685 2.70506 7.72528 1.07903 0.372197 -0.658678 
918 2 6.38791 6.82413 5.54484 -1.46676 0.642545 0.982377 
919 2 2.54287 0.62258 7.51666 0.495546 0.771986 -0.943896 
920 2 5.25654 8.32887 5.49354 0.144148 -0.605238 0.392124 
921 2 5.14992 0.816523 4.1737 0.255675 0.0435894 -0.93618 
922 2 4.27621 6.23115 9.14329 -0.0604397 1.3405 1.04649 
923 2 7.35386 5.60365 5.01872 -0.487596 0.787059 0.160491 
924 2 6.17636 8.74817 8.42352 -0.296017 0.475472 -0.384439 
925 2 0.349047 1.83675 8.6963 -0.728218 0.576545 -0.215737 
926 2 3.4436 0.490366 3.29385 -0.293179 -1.53967 0.359979 
927 2 1.55829 2.56153 6.68282 -0.88064 -0.0586646 0.364852 
928 2 9.21121 2.50782 6.9953 0.360561 -0.702641 0.472572 
929 2 7.53072 5.6346 8.64736 -0.224084 0.422805 -0.293291 
930 2 6.42507 7.81598 8.2394 0.28978 -0.676082 1.29405 
931 2 5.67125 4.84088 4.32772 -0.00640607 1.1248 0.570302 
932 2 4.9672 7.83313 6.30855 -0.37931 -0.466375 -0.779303 
933 2 0.723813 0.475848 3.01973 -0.0312723 -0.334753 1.00649 
934 2 6.70466 1.81596 1.99016 -0.775827 0.0810376 0.844426 
935 2 4.05957 2.15936 7.45809 -1.18911 0.348455 0.540404 
936 2 3.01046 8.03575 1.6857 1.2233 0.0158922 0.534678 
937 2 6.61679 8.85312 1.46909 -0.759132 1.11441 -0.786872 
938 2 1.58381 5.57541 1.96696 0.130461 -0.156814 -1.47439 
939 2 8.13255 5.18503 1.41275 0.36196 1.4785 -0.323175 
940 2 6.92414 7.56982 1.12743 -0.230479 -0.160308 -0.519725 
941 2 4.20878 2.59246 5.31341 0.64721 0.29358 0.766201 
942 2 6.14051 1.82709 6.21816 0.715082 -0.339193 1.02688 
943 2 4.73599 6.22583 7.34361 1.42728 0.147365 -0.560867 
944 2 5.49079 0.790694 1.69822 -0.501096 -1.99148 0.58057 
945 2 7.11873 8.57781 5.20564 -0.335059 0.601276 -0.729266 
946 2 5.49982 8.69887 6.36915 0.351083 -1.5506 -0.135523 
947 2 7.17234 0.381468 1.20383 0.465849 0.399754 0.648233 
948 2 0.414442 4.39752 9.1948 -0.596416 -0.100014 -0.431515 
949 2 2.61578 0.269616 2.85292 -0.127556 0.409775 0.247686 
950 2 6.64799 5.89009 5.58911 -1.24796 0.355634 -0.37342 
951 2 4.96876 2.13852 7.66495 -0.2442 -0.450508 -0.123164 
952 2 7.36561 9.18273 1.93859 -1.52775 0.162159 -0.0652978 
953 2 8.56248 1.10104 6.69135 0.855504 -0.368565 1.66961 
954 2 8.8049 2.0891 2.06215 0.391174 -1.25584 1.06243 
955 2 3.67007 1.01551 1.0107 -0.46262 1.46048 0.854824 
956 2 0.798238 2.58703 7.30195 -1.12734 -1.1785 1.2527 
957 2 1.11517 3.20768 6.13262 -0.759855 -0.295933 -0.226567 
958 2 4.61783 8.06267 2.22614 0.070531 -0.0525246 -0.0211495 
959 2 3.38577 0.629495 7.9715 0.830944 1.25781 -0.515712 
960 2 2.46887 2.68166 0.763497 1.42173 -1.41219 0.428564 
961 2 2.44234 8.60773 3.38391 0.693295 -1.47969 -0.0172056 
962 2 1.13073 0.104996 5.5855 1.3618 0.944877 -0.669314 
963 2 0.756571 8.50657 4.25373 -0.916463 -0.579865 -0.145364 
964 2 7.79413 4.17393 5.76482 0.348746 -0.663999 -0.078886 
965 2 7.08638 6.76514 7.24609 0.785849 1.41487 0.676806 
966 2 3.05373 8.84832 9.24958 -1.21004 -0.564393 -0.668959 
967 2 0.854345 3.96754 5.62146 0.470728 -0.181565 -1.22647 
968 2 6.34773 4.08787 5.63379 -1.08038 0.502211 1.27958 
969 2 7.22095 0.367612 2.68737 -0.477118 -0.0694476 -0.618507 
970 2 6.84119 6.448 6.37269 -0.304197 0.354933 1.8584 
971 2 4.0759 1.83449 0.59858 -0.128383 -1.16533 0.943529 
972 2 7.89722 1.66148 2.34836 -1.43078 -0.382114 -0.262944 
973 2 4.31865 6.64987 2.81295 0.267969 -0.214739 -0.27007 
974 2 8.42233 5.51434 0.572772 0.215587 0.122602 0.387705 
975 2 8.05409 1.13254 7.88034 0.154246 -0.288925 1.62914 
976 2 7.50126 7.3871 2.20891 -0.405217 -0.441208 0.100476 
977 2 8.29923 3.62373 9.13933 0.263536 0.807437 0.156976 
978 2 0.606003 5.34141 3.07066 0.308633 1.05439 -0.104244 
979 2 5.85705 7.78739 4.9453 0.703662 0.359629 -0.574081 
980 2 6.85095 6.20219 8.3228 0.948219 0.0905439 -0.942289 
981 2 0.140616 4.65864 4.49219 -0.0433938 0.352853 0.64427 
982 2 5.71439 1.97249 0.846942 -0.187641 -0.68268 0.875206 
983 2 8.9705 8.12486 8.10032 -0.733257 -0.340579 -0.591382 
984 2 2.45084 0.242306 9.19574 0.164552 0.153715 -0.437417 
985 2 0.57628 3.94068 7.48239 1.25422 0.712369 0.233688 
986 2 6.53542 3.68836 6.47714 0.452697 0.904821 1.25618 
987 2 6.07386 0.770299 5.7077 -0.233549 -0.517996 -0.37768 
988 2 7.67385 8.59481 9.37902 -0.245598 0.253471 -0.102735 
989 2 7.33348 3.04014 4.2951 0.019058 0.136453 -0.395841 
990 2 4.91568 8.63109 8.94057 0.0465224 0.186326 -0.470435 
991 2 5.63347 9.19025 1.93507 0.83864 1.45331 1.13063 
992 2 8.32615 8.01392 3.57747 0.748393 0.712926 0.479574 
993 2 4.99236 7.42271 5.17927 0.708957 -0.779388 1.18443 
994 2 3.72502 1.97909 1.45971 0.774862 0.617763 -0.174971 
995 2 4.48416 8.37068 3.88448 -0.136769 0.971403 -0.119826 
996 2 4.51685 8.05767 0.388528 -0.344866 0.505056 -0.815789 
997 2 9.07005 1.81747 6.36379 -0.748928 -0.925214 0.0913106 
998 2 1.80887 2.55949 3.73145 1.30704 -1.01361 -1.33529 
999 2 5.34286 0.0839259 8.95466 0.7728 0.208008 0.367673 
1000 2 5.76082 1.69635 1.76869 0.149747 -0.255668 -1.02701 
