1 1 4.57594 1.43117 1.90861 0.306391 -0.717277 -0.412906
2 1 5.3459 1.9236 0.430569 0.655765 -0.0792197 0.299169
3 1 3.13629 5.94052 0.208482 0.964365 -0.680968 -0.210091
4 1 3.33535 6.52904 6.54081 0.583801 -1.09755 -1.08561
5 1 0.366636 5.71215 5.36866 -0.385335 0.208135 0.0750057
6 1 4.01067 8.31829 7.8671 0.165061 0.715072 0.853018
7 1 7.82545 3.87828 0.171548 0.806268 0.43843 -0.420884
8 1 7.95597 6.33506 3.14409 -1.17873 0.454858 -0.915292
9 1 4.18279 6.86748 4.79716 -0.127583 -0.0224527 1.8198
10 1 5.75529 7.9444 2.71637 0.543885 -0.0750348 0.19104
11 1 1.76512 7.19614 5.11097 0.467766 -0.195844 1.15449
12 1 9.00867 2.97964 7.89652 0.941421 -0.819965 -0.982
13 1 4.89517 9.1428 4.18349 -0.142705 -0.36634 0.629366
14 1 1.80726 6.5709 2.1254 0.673617 0.00136379 0.0592815
15 1 6.6182 4.43085 5.45919 -0.486696 0.0390733 -0.335994
16 1 4.44021 3.00708 5.24597 0.932946 0.361332 -0.0652492
17 1 8.70835 6.65321 8.57223 0.125751 0.149097 0.197554
18 1 7.02419 0.204652 9.0193 -0.0907573 -0.55177 0.760705
19 1 0.434249 8.7118 1.73003 1.20074 -0.35054 0.33095
20 1 4.65731 4.29699 6.58428 -0.05507 1.04389 -0.509209
21 1 7.77663 3.29911 1.12312 1.0491 -2.00807 -1.09882
22 1 4.41007 1.50927 9.36512 -1.01828 -0.936319 0.565705
23 1 3.34546 4.68094 2.79864 0.144943 -1.55009 -0.914707
24 1 5.76158 8.96827 8.31774 0.796931 -0.202392 0.761972
25 1 7.50516 1.52983 6.85705 0.503169 0.820934 -0.213166
26 1 5.3962 6.3309 2.3844 -0.517991 1.16214 -0.787854
27 1 6.63413 0.978942 7.27327 -0.835131 -0.881226 -0.230711
28 1 3.7845 8.17002 0.907837 0.421995 -0.186323 0.596985
29 1 1.88825 3.18432 2.64824 0.24088 -0.0310562 -1.04799
30 1 5.39936 4.36174 4.4779 0.272349 -0.0857095 0.477096
31 1 4.19108 7.76651 3.18976 0.537749 -0.234512 -0.4529
32 1 6.2118 2.2417 7.18729 0.281008 0.0268323 0.0796791
33 1 8.30532 4.76368 7.6298 0.148435 -0.97622 0.215077
34 1 1.85342 6.78512 3.12377 1.05863 -0.0161077 -0.203263
35 1 7.42431 7.2085 3.65077 1.15192 -0.348839 -0.60156
36 1 2.76319 4.93533 4.76555 1.13076 0.137414 0.99385
37 1 3.27763 9.17535 6.50633 0.372275 0.958158 1.60512
38 1 4.57589 9.32677 7.76673 -0.0540133 -1.216 0.825543
39 1 6.00357 4.77697 2.76586 0.723268 -0.338487 -0.175959
40 1 2.98245 9.29696 3.44779 0.57502 -0.6372 -0.901781
41 1 5.34701 8.58839 6.86625 -0.851652 -0.0774579 -0.162538
42 1 7.25231 2.96322 4.34573 -0.0788563 0.318037 -1.48174
43 1 1.38067 5.59403 0.689913 -0.0380695 -1.20547 0.476985
44 1 6.41933 6.47853 2.73128 -0.0776994 -1.36595 0.555173
45 1 2.22772 5.69582 3.49417 0.394226 0.145294 0.261405
46 1 8.47035 5.70997 8.10723 0.992588 -0.902197 -0.521089
47 1 5.50456 6.41599 8.67777 0.461258 -0.619768 -0.0957778
48 1 1.96811 1.38464 7.17612 -0.498763 -0.174809 -1.31903
49 1 8.22375 8.20911 5.43447 -0.0464558 1.07631 0.118531
50 1 7.15664 5.62611 4.87953 0.128014 -1.27112 0.301133
51 1 1.3746 4.72497 0.0987736 -0.06946 0.814319 -0.288037
52 1 7.93931 1.41357 1.44957 0.244304 1.22635 0.79957
53 1 3.55359 8.54606 3.01322 -0.146358 0.369182 -0.252561
54 1 4.66997 8.68028 1.47637 1.16815 0.31092 -0.537091
55 1 6.62208 2.7354 6.14051 0.301501 -0.373149 0.588225
56 1 7.08814 0.584186 6.33452 -0.523646 0.0670385 0.589024
57 1 7.6029 9.00139 6.65756 0.239091 0.166023 0.48479
58 1 3.65672 4.37115 8.50561 -1.10297 -1.33116 0.209523
59 1 4.35476 7.02778 6.18698 0.126901 -0.356029 -0.57473
60 1 6.47986 8.83041 4.12688 0.74558 -1.10126 0.282242
61 1 0.886143 1.23649 1.34431 0.307961 -0.0961053 -1.13522
62 1 7.12433 2.25919 5.35965 -1.21325 0.666518 -0.768282
63 1 6.38955 3.36865 6.97427 -1.04302 -0.978241 -0.0699883
64 1 5.16003 3.54682 7.04272 0.00127021 -0.312039 0.528585
65 1 6.77475 4.35031 6.49454 0.468793 -0.65905 -0.352972
66 1 5.14258 1.18849 1.13636 -0.511434 -0.611853 -1.00056
67 1 4.73048 0.789804 7.15824 0.361172 -0.167007 -0.755672
68 1 8.21158 4.85503 1.61121 -0.392359 1.05735 -0.405964
69 1 3.64685 6.74765 3.35183 0.094648 -0.0842079 -1.68556
70 1 8.50073 3.75395 6.34477 -0.86879 -0.778957 -0.47542
71 1 3.51026 3.28506 7.89412 0.637222 1.24514 -0.29642
72 1 5.47932 6.31948 3.53001 0.373026 -0.517959 -0.705175
73 1 0.718714 3.37169 6.94998 0.742198 -0.908665 -0.945963
74 1 4.27875 8.89062 6.90605 -0.50899 -0.0788711 0.551212
75 1 6.43343 1.08047 2.54477 -0.601358 0.0128703 0.19403
76 1 5.12622 9.41452 6.25488 0.926286 -0.204981 0.10171
77 1 8.94654 0.151935 8.70834 -0.874981 1.00515 -0.109599
78 1 2.73497 3.82316 2.24691 -0.660109 -1.23665 0.114275
79 1 2.56071 8.31956 -0.0282869 -0.490979 -0.462932 -0.491399
80 1 0.550501 2.65014 7.64331 0.265429 -1.05242 1.10259
81 1 8.99498 6.27466 2.69671 0.382859 1.06208 0.055043
82 1 1.86859 6.49568 1.02045 -0.893632 1.26726 0.369061
83 1 0.328653 4.33686 6.44828 -0.336871 0.506048 0.296083
84 1 0.616957 6.0123 2.06719 0.928273 -1.04871 1.11021
85 1 4.46458 7.392 7.81625 -0.184172 0.909599 -0.773956
86 1 5.75238 8.17688 0.622117 -0.703382 -0.477779 0.305736
87 1 5.40875 3.81316 8.13634 0.447836 -0.0845023 0.151422
88 1 8.5389 3.24514 5.4623 -0.346632 0.650414 0.43072
89 1 6.45809 6.67522 3.76673 -0.191879 1.14826 0.629802
90 1 4.43009 5.97168 5.26093 0.0136079 -0.02865 0.418199
91 1 0.806574 6.0484 7.38689 -1.31155 0.687644 -1.59792
92 1 0.0578885 6.55937 9.25639 0.646755 -0.090454 0.0396569
93 1 6.98136 3.41859 5.36747 -0.285627 0.656533 -0.422178
94 1 6.17932 8.08678 6.51648 -0.950506 -0.759789 -0.484298
95 1 1.24678 1.78055 6.39213 -0.957432 -0.288506 -0.411637
96 1 2.8529 9.29392 9.04113 -0.70462 0.309223 -0.607347
97 1 1.43359 7.37272 9.05164 -1.47252 -0.7032 0.581961
98 1 7.55312 8.23023 1.2853 0.0480787 -0.335653 -0.265797
99 1 8.1027 1.2626 0.464264 -0.880328 0.661447 -0.458087
100 1 3.59752 5.66349 5.90055 0.268462 -0.0405841 -0.607528
101 1 5.12901 3.52584 6.01824 -0.543437 0.815511 1.29876
102 1 3.95375 7.19948 1.1558 0.358426 0.449386 0.37693
103 1 1.21693 9.00019 9.1426 0.332026 0.707959 -0.874302
104 1 0.61807 2.58687 1.57886 0.321667 -0.0445735 0.436768
105 1 6.22414 4.86243 7.23052 -0.86985 0.383927 -0.361288
106 1 2.03211 6.9049 8.26652 0.127498 -0.858249 0.501251
107 1 1.76632 2.22308 5.53697 -0.607835 0.469952 -0.143966
108 1 1.12459 3.70119 5.93166 -0.969537 0.127514 -0.462916
109 1 4.94888 5.19134 4.93585 -0.51151 0.551453 -0.10054
110 1 6.64047 6.24549 6.44345 1.17405 0.66912 0.0441813
111 1 2.3307 4.58242 0.475376 -0.281599 0.108882 1.65397
112 1 0.671269 4.82919 2.19363 -0.118032 -0.279139 -0.492165
113 1 4.92416 0.978095 6.18526 0.784993 1.11685 0.892566
114 1 3.261 1.77513 5.80195 -0.452197 -0.544708 -1.03665
115 1 7.20311 8.11449 9.1853 1.42359 0.469017 -0.499083
116 1 2.50915 3.95753 4.96949 -0.379814 -0.0584575 0.0347136
117 1 2.10927 8.0241 7.76768 0.187031 0.723023 0.972699
118 1 8.7848 6.48005 0.683404 0.178436 0.469087 -0.168221
119 1 8.07871 6.55081 7.43614 -0.472878 -0.00903853 1.43952
120 1 4.44222 5.92077 8.48662 -0.269193 0.808775 0.188686
121 1 8.64006 1.1315 2.21903 0.358795 -0.638029 0.795756
122 1 5.6787 3.33575 3.91647 -1.10122 -0.279517 0.816277
123 1 7.42941 7.32367 0.499644 -0.590045 -0.391309 -0.748438
124 1 1.38328 7.57662 2.53693 0.999231 0.502722 -1.17076
125 1 6.61401 5.99642 8.89555 0.205014 0.399888 0.046197
126 1 0.505 2.08516 9.10237 0.295621 -1.88399 -1.16557
127 1 4.61956 4.7602 8.36747 0.131673 -0.713497 0.0732719
128 1 5.14787 9.04566 2.27437 0.144928 -0.527237 -0.0722324
129 1 3.0486 2.8644 2.76107 0.588686 -0.125927 -0.434753
130 1 6.84309 2.8994 7.8694 0.645408 -0.951492 -0.108211
131 1 8.32914 4.7066 0.0842526 0.608783 -0.0332453 0.271692
132 1 3.83967 5.26057 4.73863 -0.855973 0.247574 0.0204258
133 1 6.47425 4.78381 1.0507 -0.568843 0.105307 0.0146193
134 1 8.77453 1.12877 3.24919 0.796708 -1.28461 -0.129027
135 1 0.893377 0.802039 4.56532 -0.0168434 -1.07269 -0.35536
136 1 1.10051 8.68987 8.04813 0.531597 1.00385 0.0544464
137 1 8.71892 3.94133 8.14549 -0.281864 -0.988756 -1.22157
138 1 6.11985 4.40891 3.70728 -0.0737561 -0.298012 -0.715191
139 1 8.49515 1.13871 6.8818 1.43254 -0.335637 1.07924
140 1 7.99636 6.41128 4.20138 -0.686505 -0.558613 0.408544
141 1 2.85547 0.593212 7.26426 -0.694188 0.040207 0.157894
142 1 2.59063 5.16803 7.60205 0.286069 0.141118 0.716816
143 1 3.3373 3.3791 1.63067 -0.0472429 0.203128 0.68559
144 1 1.96145 0.0800805 2.05513 -1.15956 -0.272004 -0.311883
145 1 4.63822 8.72976 3.18919 -0.728078 0.193093 1.02547
146 1 5.79085 0.788072 6.66623 -0.499754 0.813112 0.0266031
147 1 3.81801 8.53784 4.82199 -0.0846471 0.77979 -0.890501
148 1 2.8298 8.38453 3.92312 -1.11684 -0.256914 0.400014
149 1 7.0324 4.87522 3.25231 1.63199 -0.169374 0.789103
150 1 8.90587 8.65539 2.78142 -0.354519 0.853857 0.167733
151 1 7.27042 8.17446 3.86115 0.328448 -0.227609 0.798719
152 1 8.18487 2.1782 5.41583 0.214136 -0.905466 1.14079
153 1 5.94915 5.28988 5.24134 -0.675486 0.882276 -0.407564
154 1 6.47457 7.8496 8.37692 0.287882 -0.459959 0.782696
155 1 4.05728 0.918579 5.49844 -0.540895 -0.0545326 0.659851
156 1 3.45464 5.51204 6.98986 -0.236067 -0.0272398 -0.211916
157 1 7.5898 2.39162 1.62866 0.213906 0.642949 -0.87336
158 1 2.49971 8.82325 7.13327 -0.721193 0.757719 0.518091
159 1 8.72724 0.736481 1.23841 0.497331 -0.173718 0.743053
160 1 2.84352 2.63907 8.25316 -0.0286936 0.495917 -1.04909
161 1 2.57349 7.54541 4.55605 -0.244458 -0.19421 -0.0217575
162 1 2.33205 1.77628 6.31433 -0.540149 -0.442232 -0.488805
163 1 3.84156 8.97046 3.8945 -0.293809 0.265959 0.810792
164 1 2.78981 4.15787 6.97375 0.786373 0.324573 -0.773215
165 1 8.28733 6.80012 2.20193 0.053534 -0.507413 -0.00469523
166 1 3.32073 7.64073 6.14511 1.06794 -0.523089 -1.0533
167 1 9.31956 7.93351 4.54388 0.481027 0.381851 0.970236
168 1 8.74515 7.2757 5.10906 0.912909 -0.103784 -0.5036
169 1 7.30813 5.43829 7.95136 -0.790003 -0.530427 -0.21582
170 1 6.22979 5.91558 4.41845 -1.38257 0.547423 -0.553449
171 1 8.7723 8.4474 7.3956 0.316664 0.200401 0.490021
172 1 4.53802 6.32786 2.85078 1.21573 -0.56897 0.179238
173 1 7.47072 0.387602 3.28187 -0.460557 0.0962584 -0.1965
174 1 3.09477 5.60681 4.05621 0.196854 0.109602 -0.540588
175 1 0.90014 4.30973 7.29143 -0.461346 -0.958135 -0.960413
176 1 8.07223 2.70515 3.71917 -0.688985 -0.265793 -0.113086
177 1 1.48288 5.08147 7.63272 -0.839354 1.05662 -0.432869
178 1 4.03432 4.14238 3.42377 -0.568123 1.03965 0.271126
179 1 0.885657 8.24162 6.18201 0.544388 0.0113748 -0.263795
180 1 8.80467 4.75265 6.71139 0.100737 -0.145981 0.857662
181 1 3.54269 5.04021 0.960153 -0.0123229 -0.369074 1.11184
182 1 7.14957 8.20285 7.29569 -0.0226627 1.59337 0.913432
183 1 9.12077 7.8122 9.24211 0.658636 0.19801 0.0454603
184 1 6.87363 7.99136 2.14628 0.617966 -0.237826 -0.610971
185 1 2.57192 7.58598 8.69926 -0.817827 0.663492 0.418604
186 1 8.383 9.23719 1.05297 -0.637022 -0.563356 -0.291984
187 1 6.73627 1.33844 5.16198 -0.772119 0.38599 -0.362835
188 1 8.18064 7.91344 4.35117 -0.212237 -0.598106 1.24672
189 1 4.40487 4.86201 5.72985 -0.359064 0.433442 0.268177
190 1 8.8827 5.92208 3.89524 0.0211339 -0.641015 0.333085
191 1 5.27458 7.79432 5.97791 -0.068416 -0.337093 -1.01765
192 1 1.16016 9.11661 4.73919 -0.158421 -1.65321 0.0568213
193 1 4.65318 3.48724 4.27461 0.847895 0.0470427 0.557025
194 1 0.417575 0.928548 2.2971 0.971236 -1.1179 0.39639
195 1 8.46194 4.13172 0.939109 1.72208 1.99879 0.479479
196 1 6.7099 2.88214 1.43443 0.540192 -0.687635 0.406819
197 1 0.232285 4.70957 9.36978 0.553154 0.0343511 -0.104031
198 1 7.2059 5.19838 1.63246 0.355687 -0.532234 0.339183
199 1 0.522576 4.46854 3.12587 0.16093 -0.609314 -0.183324
200 1 7.57664 1.30674 5.82402 -0.352228 -0.322803 -1.00581
201 1 4.6966 5.57467 0.609036 -1.06516 0.340583 0.0680759
202 1 1.39379 8.72305 7.08698 0.322067 -0.935253 -0.03121
203 1 3.92766 7.12312 2.43784 0.278382 1.2246 -0.385662
204 1 8.9705 1.84435 4.16946 -0.191168 0.21748 1.03279
205 1 2.11423 2.06927 2.5565 -0.381438 -0.284243 -0.629588
206 1 4.24717 6.28065 7.22369 0.572017 0.679593 0.323619
207 1 3.88963 3.41756 0.185282 -0.11618 -0.383512 0.137274
208 1 8.23253 4.88201 5.62953 -0.336257 -1.12144 0.0277403
209 1 6.80348 1.95441 3.09062 0.319633 -0.190394 -0.843685
210 1 1.18523 6.5948 4.59104 1.09437 -0.416538 -0.676648
211 1 9.13016 6.45251 7.59253 -0.465612 0.41923 -1.54377
212 1 6.19473 2.98599 2.85852 -0.734775 0.350113 -0.138779
213 1 2.56132 1.04238 5.5905 0.801702 0.459896 -0.518494
214 1 1.45318 3.32943 1.7296 0.94888 0.744832 0.623206
215 1 4.18735 9.15111 5.67462 -0.574566 0.540315 -0.202601
216 1 4.39867 4.28499 4.79403 0.252698 0.463401 -0.261203
217 1 0.455146 1.67534 8.0664 -1.07332 0.206984 -0.561374
218 1 6.13199 5.27618 6.25482 -0.633071 -0.272334 -0.390379
219 1 0.572693 1.67874 4.1762 -0.186847 0.222326 -0.198891
220 1 6.6352 4.40517 2.02552 1.23401 0.58602 -0.587244
221 1 6.06241 1.19902 0.558345 0.260173 1.66787 -0.240531
222 1 7.12255 5.26436 5.8497 -0.434691 -0.249765 1.07793
223 1 8.81338 2.02197 7.37255 -0.642075 -1.17942 0.899103
224 1 1.87255 8.47181 4.21416 -0.0834355 0.557784 -0.976295
225 1 6.61327 6.66427 0.483257 -0.446538 1.87015 -1.10172
226 1 2.97119 7.39143 7.731 0.421951 -0.257195 0.560232
227 1 5.42271 2.04749 8.06414 0.356493 -0.0303705 -0.768091
228 1 5.1193 4.43703 3.35272 -0.198528 0.568927 -1.14521
229 1 8.84874 6.22745 4.9087 -0.222381 -0.587184 1.15132
230 1 1.70617 4.28806 2.22161 1.22056 -0.143414 0.435601
231 1 6.29139 3.81922 4.67281 0.649352 -1.23511 0.153885
232 1 1.76742 5.10067 5.10685 -0.310686 0.507305 1.40522
233 1 2.59119 2.62776 9.33614 0.30072 -1.05643 -0.420963
234 1 5.79703 2.97287 7.72558 -0.795094 0.170897 0.806875
235 1 5.24771 4.60377 7.46493 -0.200571 -0.710305 0.762387
236 1 6.27625 0.402266 5.70287 0.687184 -0.4652 0.15566
237 1 6.8257 4.863 8.64965 -0.452136 -0.853414 0.0610497
238 1 8.91468 7.54538 7.81162 -0.0103689 -0.358154 -1.12971
239 1 4.73258 0.338658 1.65875 -0.536509 0.520605 -0.0642491
240 1 2.90578 6.24906 7.48987 -0.705985 -0.731094 0.088763
241 1 1.19423 7.65065 8.09907 -1.00116 1.17638 -0.301623
242 1 6.03916 9.39255 2.47668 -0.527965 0.66305 -0.311366
243 1 5.76772 4.75961 8.42578 0.0455711 0.157168 -0.830547
244 1 5.40095 1.77418 6.73023 -0.833417 0.596529 -1.6191
245 1 1.05479 0.989509 7.51125 -1.90803 0.699308 0.287606
246 1 4.64317 7.04425 3.89396 0.691915 0.0490069 0.00201815
247 1 6.16717 8.43396 7.49185 -1.64189 0.481414 -0.223295
248 1 0.937844 0.219447 1.72306 -0.0462214 0.742955 -0.6517
249 1 3.17514 0.290959 5.49658 0.727984 0.552826 -0.517665
250 1 5.38774 4.48036 5.59991 -0.319926 -1.11149 -0.0537507
251 1 6.34225 7.6232 9.44028 0.310828 -0.628641 1.2894
252 1 4.61416 7.92727 6.76963 0.609609 -0.13292 0.97662
253 1 4.08217 1.4947 6.36309 0.567566 -0.559947 1.81633
254 1 6.887 2.22517 8.77633 0.56439 -0.14555 -1.66548
255 1 7.99306 2.51291 8.127 0.761641 -0.0799942 0.391481
256 1 6.01457 1.22111 3.58626 -0.4344 0.574468 0.499423
257 1 4.82757 2.36757 8.87715 0.226424 0.454631 -0.502656
258 1 2.70024 0.917978 3.97052 1.71513 1.46227 0.535722
259 1 8.0332 4.46264 3.98826 0.40384 -0.583114 1.13967
260 1 0.784823 7.24111 3.44228 0.480408 0.00993708 -0.668796
261 1 0.713628 4.23528 0.822749 -0.479088 -0.480912 -0.776106
262 1 3.84874 1.54219 2.64386 -1.69458 0.26534 -0.226542
263 1 7.68001 6.47208 6.36654 0.333947 0.353136 0.699349
264 1 5.32004 7.34099 -0.0148177 0.366684 -0.0550302 -0.446075
265 1 2.1549 8.30942 1.08514 -0.110958 0.263933 0.309028
266 1 4.53259 1.93879 7.23279 -0.178322 0.797046 -0.408833
267 1 2.91315 5.9873 5.01545 0.170126 0.707066 -0.132923
268 1 4.18449 1.95038 5.30733 0.821192 1.02976 -0.572645
269 1 0.946904 3.18416 0.80341 -0.251605 -0.0797907 -1.3098
270 1 9.34186 1.59415 1.50466 -1.25371 -0.367687 0.475313
271 1 2.81806 6.69506 2.68381 -0.114481 0.548633 -0.479058
272 1 2.03713 9.10759 0.398128 -0.0121528 -0.113301 -0.293614
273 1 8.67763 7.57541 1.67227 0.176661 0.0185595 0.434138
274 1 1.0746 6.60808 8.28989 -1.14152 -0.713598 -0.287684
275 1 8.67104 9.41334 6.88401 0.0917728 0.276585 0.0453754
276 1 7.12 3.60469 8.79508 0.708299 1.33206 0.29197
277 1 5.02001 0.364461 5.28323 -1.51126 0.625075 0.347033
278 1 5.85736 2.41305 8.95221 0.156215 0.470342 0.626384
279 1 0.899825 8.07075 4.36385 -0.0398972 -0.142028 -0.0320788
280 1 7.68091 3.90126 3.14814 -1.01272 0.0939498 0.494693
281 1 8.07633 7.5852 8.99567 -0.234962 0.697921 1.28742
282 1 4.02888 0.455785 6.5209 0.215303 -0.22753 -0.397082
283 1 3.49172 4.6612 6.39102 -0.391745 1.14055 0.17611
284 1 1.56239 0.56003 0.0449231 -0.378515 0.653486 -0.109648
285 1 4.69277 2.3995 6.22893 -0.102728 0.334835 0.138599
286 1 8.10017 0.38796 6.14366 -0.196424 -0.205859 -0.775304
287 1 6.48639 3.95532 7.98852 -0.797564 -0.63143 1.20698
288 1 2.60438 0.599635 0.477249 -1.84744 -0.352715 -0.259385
289 1 2.14174 3.48293 8.59433 0.807387 0.655254 1.22017
290 1 1.59757 0.314904 8.25486 -0.690508 -0.25577 0.404271
291 1 2.92126 3.05452 6.78437 0.280248 0.933628 0.546791
292 1 1.8834 3.53985 4.2394 0.391718 -0.677108 -1.40854
293 1 5.07078 1.47684 5.01843 0.841799 -0.575344 -0.308547
294 1 8.05909 8.41709 0.400942 2.31832 -0.960568 -1.28707
295 1 1.29598 6.40422 0.025855 -2.33671 1.4973 -0.146187
296 1 2.38029 2.88856 3.4949 -0.583455 -0.753196 -0.591456
297 1 7.18862 5.40171 6.8472 0.0257229 -1.33864 0.380887
298 1 2.67587 2.69724 5.84701 0.442928 -0.651199 -0.618335
299 1 3.89521 6.15493 1.02085 -0.166721 1.80097 -0.933888
300 1 6.62632 4.90742 4.44247 0.148331 -0.076086 0.548089
301 1 2.06764 5.53957 9.23341 0.00145981 0.539046 1.73614
302 1 1.89585 1.54481 8.251 0.579511 -1.32552 0.556392
303 1 0.565227 7.27034 6.33934 0.498469 -0.748342 1.00042
304 1 7.05204 5.47496 0.34399 -0.410828 0.953103 0.00884358
305 1 5.10547 7.12495 2.90966 1.62168 -0.0751557 0.198522
306 1 3.02232 8.42723 8.18148 -0.14388 -0.510563 -0.941496
307 1 6.0956 3.59228 5.89154 -0.114908 1.01846 0.682662
308 1 5.14023 6.48835 6.62334 0.424482 -1.05453 -0.224296
309 1 3.6665 7.56458 4.06163 0.277622 0.0584775 -0.200904
310 1 7.72332 0.484945 7.37454 -1.09801 -1.07054 -0.17557
311 1 3.53031 9.26472 7.43411 0.369956 0.670173 0.135267
312 1 6.52668 7.4206 3.11119 1.06654 -0.137124 0.414774
313 1 6.76002 4.30106 0.190231 -0.92291 2.0103 -0.769931
314 1 1.76458 1.61031 9.3286 1.04709 -0.543544 -0.439644
315 1 5.63736 2.82405 0.822636 0.636116 -0.0548061 -0.651359
316 1 4.12583 9.08874 2.3674 -0.392768 0.447098 0.0360648
317 1 7.81707 6.84551 5.28663 -0.224391 -0.183907 1.48247
318 1 3.80213 9.12049 8.51062 1.65851 -0.701791 1.22942
319 1 1.25497 8.86791 2.42753 0.388358 -0.0453705 0.374856
320 1 8.3964 8.42963 6.39129 -1.41126 -0.17469 -0.270458
321 1 7.50694 1.03411 2.45192 -0.346176 -0.271155 -0.800999
322 1 6.37 0.421464 8.14599 0.605511 -0.176751 -0.190173
323 1 0.70864 0.629177 5.66881 0.260329 -1.0327 0.443451
324 1 7.08041 4.03026 3.98338 -0.684882 0.328381 -0.267039
325 1 7.23087 1.01518 8.17818 -0.165881 -0.338809 0.218984
326 1 8.31534 8.68521 1.88176 -0.525131 -0.104988 -0.161132
327 1 7.91921 6.58385 9.38134 -0.146161 -0.0318637 0.718944
328 1 7.55858 4.65188 0.814237 -0.847494 -0.192723 0.164517
329 1 7.73479 2.07239 4.38543 -0.0077868 0.10608 -0.436301
330 1 8.59911 2.67159 4.64719 0.648352 -0.854755 -0.109071
331 1 7.3791 2.9022 0.221172 0.303977 -0.0145536 1.60127
332 1 4.08453 0.170706 4.74327 0.0475727 0.48942 0.116036
333 1 5.09193 4.61401 0.65259 0.712894 -0.767433 -1.1136
334 1 0.447498 8.204 2.59754 -0.637209 0.392485 -1.09812
335 1 5.06684 6.21149 4.49 1.72323 0.516116 -1.22483
336 1 4.81722 6.66724 0.816048 0.402671 0.0575826 -0.00182831
337 1 6.16575 7.26478 2.07425 0.925983 -0.678322 1.86947
338 1 1.32944 2.11151 7.41924 0.395488 -0.442437 -0.932826
339 1 3.44511 6.67431 5.53105 0.79753 -0.519609 -0.138675
340 1 3.84044 2.67429 8.70852 -0.313792 -0.229802 0.536802
341 1 3.67488 6.56412 8.179 -0.859167 -0.226305 1.11997
342 1 4.74506 9.07405 8.79971 -0.942543 0.163514 0.0745865
343 1 9.23675 3.97789 2.47467 0.440839 -1.04542 -0.212177
344 1 0.836788 4.85394 4.72656 0.225309 1.97269 -0.255886
345 1 7.88997 0.32538 1.7731 -0.82879 -0.696187 0.989751
346 1 2.15872 8.45102 2.1678 -0.71583 0.585013 -0.116081
347 1 4.66396 2.88545 7.90247 0.308024 -1.27138 0.365104
348 1 9.0334 0.0606803 3.4457 -0.488638 0.274728 -0.00142167
349 1 1.81579 0.281427 7.18064 -0.987687 -1.0829 -0.130908
350 1 3.40138 7.59585 5.10445 1.16273 0.0639539 -0.0322819
351 1 6.36747 0.050555 0.566457 0.445279 -1.32737 -0.334575
352 1 0.797648 0.132357 6.7166 -0.202128 -0.576083 0.151858
353 1 4.36569 0.555172 3.7275 0.291758 -2.13965 0.282118
354 1 8.85308 0.606405 0.27096 0.697958 -0.2335 0.171031
355 1 1.36571 7.70996 7.12536 0.75945 -0.372046 -1.19714
356 1 1.95022 6.13525 5.26671 -0.239035 0.294146 0.996818
357 1 7.26337 0.430576 5.36649 -0.130497 0.928568 0.61211
358 1 2.77242 7.26493 3.57777 0.325188 0.0712136 -0.0586044
359 1 1.10245 1.47645 5.3161 1.72811 0.0261439 -0.245777
360 1 8.21085 0.217033 5.05761 -0.798517 -0.229499 -0.428355
361 1 8.71324 6.61963 6.64148 -0.302578 0.115372 0.00991009
362 1 7.22534 3.53469 2.13318 -0.991406 0.375874 -0.285569
363 1 0.379995 6.17164 6.49762 0.265379 -0.271085 0.226786
364 1 0.373641 2.42692 3.46918 -0.0510414 -0.0234904 -1.22579
365 1 1.95605 7.44112 1.64573 -0.477168 -0.216521 -1.06411
366 1 8.72559 1.42074 5.85629 0.53033 -0.769607 0.862715
367 1 3.71586 0.75301 1.92863 0.594734 0.393559 0.254295
368 1 7.50029 3.69713 6.90037 -0.903375 0.157218 -0.268365
369 1 3.24885 6.78183 9.08638 -1.08486 1.16314 -1.41186
370 1 7.95331 7.52044 7.00909 0.47665 -0.479768 -0.514225
371 1 2.83728 1.57221 3.10537 0.25048 -1.09305 -1.18041
372 1 2.18088 7.43135 0.577204 0.243016 -0.716583 0.311058
373 1 4.16289 1.00753 0.934656 1.24438 -0.0890551 -0.361563
374 1 5.09777 6.67579 7.72397 -0.0124632 -0.590861 0.699258
375 1 0.0562664 8.84254 6.47521 -0.697211 0.88322 -0.218889
376 1 8.03197 5.39908 3.48984 0.637226 0.220528 -0.238885
377 1 7.90752 7.93442 2.36669 -0.567684 -0.872742 -0.744624
378 1 4.95685 1.63918 3.92804 0.967268 0.748886 0.0953651
379 1 4.9277 2.2502 1.34792 -0.84986 0.375166 1.0816
380 1 0.542552 6.27674 0.792205 0.618201 0.215393 0.107693
381 1 8.22697 2.99011 7.16535 -1.03752 0.444192 0.450691
382 1 5.23896 5.44899 2.90645 0.196835 -0.0596464 -0.585766
383 1 2.02198 2.94471 0.867658 -0.0180896 0.237921 -0.687337
384 1 6.46418 8.79932 9.20806 0.368921 0.820622 1.23032
385 1 8.39889 5.97324 1.47794 -0.316048 -0.659723 -0.126462
386 1 1.71997 0.479007 1.06319 1.15282 0.515936 -1.2594
387 1 1.63614 2.67874 6.55285 0.0783751 -0.916991 -0.543174
388 1 0.12661 2.31138 0.66711 -0.633927 0.762747 0.476942
389 1 7.05266 7.07882 8.95621 -0.0310528 1.00092 1.5898
390 1 8.45645 7.46597 0.688056 -0.0510984 0.69554 -0.565686
391 1 3.81464 7.30449 7.00922 0.857583 -0.0881845 0.392444
392 1 0.726892 3.75006 9.2722 0.32025 -0.325485 -0.452401
393 1 1.71709 3.80937 6.87617 0.945257 -0.18775 0.586544
394 1 3.87485 1.96762 1.19128 -1.30213 0.639827 -1.36085
395 1 5.49233 2.52631 5.55716 1.05467 -0.116659 -0.216797
396 1 5.09105 2.31733 2.39496 0.173656 0.507087 -0.00697493
397 1 8.75092 8.78692 4.74448 1.30795 -0.366097 0.0751123
398 1 6.64354 7.53144 1.23648 -0.641494 -0.100091 0.046339
399 1 3.63317 5.48917 8.113 0.482037 0.820269 -0.651173
400 1 7.60097 4.72186 2.44181 -0.633196 0.46508 -0.0606434
401 1 3.26038 6.64532 4.28728 0.123185 -0.690286 -0.338006
402 1 3.16965 9.0611 0.585846 0.890777 0.295532 -0.917946
403 1 1.04245 1.22523 8.82786 -0.46338 1.00798 0.815496
404 1 7.45682 8.67755 4.80852 -0.139347 0.35015 -0.0663147
405 1 9.2216 0.595339 6.26307 -0.197428 -0.891603 -0.28671
406 1 0.900598 5.27033 6.75829 -0.0907152 -0.47604 0.74256
407 1 4.80026 3.2901 2.18962 0.358996 0.154317 -1.05798
408 1 3.65784 5.5417 1.94442 0.0225931 0.64621 -0.379368
409 1 3.23026 8.66609 5.64598 0.0245119 -0.545705 0.577166
410 1 0.118681 6.96737 4.20004 -0.587484 0.340776 0.876049
411 1 2.28752 8.91535 5.25312 0.0554808 -1.41514 0.278641
412 1 2.35408 3.80537 1.3001 0.0535464 -0.481895 -0.554089
413 1 7.78041 8.92296 7.73432 -1.40042 0.691286 -0.121841
414 1 0.416909 3.59799 1.64081 -0.446489 -0.214539 -1.5003
415 1 7.17455 3.04713 3.24478 -0.75791 -0.366893 -0.283303
416 1 4.68143 8.47156 0.347195 -1.65748 0.133823 -0.813074
417 1 1.46885 4.10214 5.04417 0.765119 -0.167206 -1.67632
418 1 6.14491 5.62542 2.12726 -0.310597 -1.40455 0.574914
419 1 5.6422 8.28767 4.28979 -0.79645 0.0271396 -0.363287
420 1 4.904 8.59949 5.12819 -0.215846 0.184721 -0.247059
421 1 1.11226 2.0116 0.614486 -1.07355 -0.067665 -1.17991
422 1 2.07627 0.129889 4.23309 -0.0441001 -1.47674 -0.522111
423 1 8.80111 3.03709 1.41985 -0.999793 -0.434053 0.0559236
424 1 9.16904 5.2218 4.68806 0.0354474 -0.258891 -1.30977
425 1 6.31981 1.44393 8.39252 -0.363833 0.508504 0.142176
426 1 2.10389 8.68419 8.54105 0.0469657 -0.120895 0.360255
427 1 3.05174 1.22657 1.20874 -0.188764 0.223245 -1.04103
428 1 3.41645 4.38571 0.141387 0.141841 0.917303 0.507623
429 1 0.0875456 7.19506 0.66484 -0.672587 -0.578645 -1.15406
430 1 9.28847 6.67948 5.7472 -1.29164 0.398413 -2.0182
431 1 9.28502 4.77541 5.63254 0.687983 -0.289839 0.428986
432 1 1.51666 2.73783 9.32541 0.282153 -1.14681 -0.828347
433 1 5.85174 6.86056 4.64589 -1.02481 0.254311 1.03826
434 1 5.48392 7.44922 7.113 -0.177158 0.845418 0.164492
435 1 5.22222 1.39423 2.85139 0.215821 0.039785 -0.223892
436 1 7.47274 4.61579 4.96406 1.09946 -0.27037 -0.894724
437 1 5.59312 2.78533 6.52018 -0.524821 -0.813623 -0.0889714
438 1 1.6965 7.41586 3.92554 -0.101428 0.233588 -0.446712
439 1 6.95059 6.68854 4.80069 0.194733 1.04954 -0.233185
440 1 9.39979 4.65541 7.73437 -0.740286 0.158388 -0.640659
441 1 7.02689 1.35755 4.11126 -0.178843 -0.906027 0.203585
442 1 1.5742 2.2561 1.63492 0.0570611 -0.666406 0.517983
443 1 1.49909 8.1757 0.27883 0.213232 0.790606 -0.520337
444 1 2.45303 5.92435 6.6465 1.38068 0.550285 -0.329413
445 1 9.39797 3.45501 5.96638 1.33774 1.64379 -0.0754975
446 1 4.13535 2.45984 4.19905 -0.258358 -1.04571 -0.200735
447 1 8.79802 5.76078 9.18638 0.548114 0.382483 0.697094
448 1 9.37685 1.16111 8.73168 0.744832 -0.802629 -0.645665
449 1 0.351874 1.73221 7.05027 0.201134 -0.975408 -0.260891
450 1 6.42061 6.71813 8.12324 -0.269457 -0.863184 -0.326344
451 1 7.66921 4.01481 5.84499 1.41047 0.637756 -0.766336
452 1 5.70021 4.31312 6.54461 -0.01428 0.58577 -0.593438
453 1 2.5852 5.27282 5.79767 0.381858 -0.861093 0.218045
454 1 8.18917 0.69126 4.01179 -0.0383537 1.23173 0.372862
455 1 2.32848 2.59293 4.69566 0.999538 0.730879 -0.234005
456 1 1.30508 0.475641 2.79067 -0.19247 0.414387 -0.526472
457 1 5.14794 6.8129 5.5473 0.527793 -0.198434 -0.903996
458 1 2.35412 0.103415 6.23609 -0.183652 -0.143589 -0.0740994
459 1 4.77783 8.05753 2.41614 0.273084 -0.223495 -0.984223
460 1 0.389943 2.21792 5.03321 -0.86775 -0.0935288 -0.440418
461 1 2.42062 3.37868 7.63687 -0.134386 0.607116 -0.331771
462 1 6.19578 7.47114 5.39995 -0.40913 -0.85403 1.32042
463 1 5.63236 1.1841 7.60969 0.987309 0.887418 0.170573
464 1 9.31734 4.42332 4.01981 0.62923 -0.640272 -0.271076
465 1 1.80837 2.53903 8.26061 0.897478 -0.0625387 -0.482725
466 1 5.71138 9.23507 4.77887 0.153295 -1.71584 0.162238
467 1 6.03454 1.66763 4.47329 -0.0306668 -0.680321 1.08132
468 1 3.59721 8.41022 9.22261 0.721195 -0.890233 -0.239342
469 1 5.74531 1.36762 5.78053 -0.0903924 0.483815 -0.117986
470 1 0.257775 3.02144 4.29994 0.551862 -0.000415354 -0.987253
471 1 2.27875 0.618894 3.04848 0.072572 0.0126438 0.412025
472 1 5.65083 8.72 3.37678 0.134296 0.614525 -0.0352942
473 1 8.57621 2.22171 2.116 0.321432 0.36552 -0.658878
474 1 0.442673 8.58477 5.20642 -0.215135 -0.360894 0.0206597
475 1 1.04865 2.52599 2.55719 0.27632 -1.00327 -0.615283
476 1 0.241897 1.59435 6.02023 -0.452694 -0.089421 0.333946
477 1 7.33569 7.07976 2.53005 -1.47358 0.328782 0.880577
478 1 3.63747 7.59307 8.55617 0.526109 0.743609 0.025166
479 1 5.59076 0.0981549 7.40711 -0.2904 1.19556 1.20797
480 1 2.45142 6.89059 5.98404 -0.0768552 0.354377 -0.985623
481 1 9.18424 5.38205 1.99843 -0.543767 -0.555489 -0.405996
482 1 8.09281 8.70296 8.80083 -0.561036 -0.727295 -1.01617
483 1 8.14751 1.43888 7.87467 -0.654291 0.343643 -0.51405
484 1 9.00134 5.20356 0.768981 -0.533447 -0.407618 0.186173
485 1 8.18153 8.03368 3.38934 -0.761351 -0.679843 -0.630973
486 1 2.45825 2.77222 1.85281 1.62698 0.852075 -0.181087
487 1 5.37725 5.91717 1.33962 0.824154 0.155921 0.28517
488 1 3.87691 3.08848 3.48669 0.0436936 0.261326 0.792899
489 1 5.25679 5.6013 8.05865 -0.5748 -0.487335 -0.330613
490 1 8.16478 3.2468 8.79934 -0.0448214 -0.120193 0.0591821
491 1 1.1719 9.01178 0.957811 -0.392411 0.268752 1.23656
492 1 8.90367 7.48627 2.73984 0.995371 0.65278 -0.599281
493 1 7.07713 0.125838 2.40445 0.164387 0.449464 1.26498
494 1 1.87876 6.03656 7.75082 1.39057 -1.7206 -1.05218
495 1 8.1656 5.57482 7.04755 0.107475 -1.56779 0.188626
496 1 5.23283 2.47659 4.48007 0.566282 -0.0702422 0.265473
497 1 6.03422 5.0391 9.4176 0.31062 -0.532127 0.840627
498 1 6.86195 1.61341 1.81042 0.32388 -0.235744 -0.915432
499 1 0.862229 3.5746 2.61158 -0.147095 -0.816678 0.61096
500 1 0.17682 1.87958 2.51798 0.751507 1.28098 0.270833
501 1 4.53692 8.05167 8.76534 0.404035 0.0230652 0.146018
502 1 9.05634 7.69533 6.78408 -0.204976 -0.20684 -0.240235
503 1 0.0577434 0.717124 7.24879 -0.0854219 0.0343121 0.362887
504 1 0.424999 0.229825 9.28911 -0.451099 -1.51046 1.40171
505 1 1.28087 5.47488 8.47087 0.548351 -0.989769 -0.487213
506 1 3.87942 3.56115 2.52573 0.541328 0.810898 1.62648
507 1 8.81597 2.11081 3.13227 0.315444 -0.401544 -0.646267
508 1 9.30323 5.52731 7.14843 -1.34919 -1.35648 0.844648
509 1 3.30318 2.45322 4.99962 0.853524 0.688277 0.13724
510 1 6.9616 8.92966 5.84612 -0.0349065 -0.304933 1.37079
511 1 7.31304 1.94061 0.749596 0.130372 -0.494686 0.167679
512 1 7.27889 0.2641 4.36346 -0.979004 -0.258922 -0.0886674
513 1 3.36435 6.58629 1.78613 0.58307 -0.724296 -0.152352
514 1 2.84593 2.20515 0.988156 -0.542176 -0.951512 0.169697
515 1 5.61067 4.73546 1.64259 0.239758 0.156852 -0.871281
516 1 7.62946 6.43389 8.34402 1.60664 -0.692581 0.224022
517 1 4.45354 4.25198 9.30211 0.702345 0.547622 0.485714
518 1 8.05534 5.6199 0.532483 -0.273627 0.141599 1.02326
519 1 2.1082 1.92953 3.77403 -0.321775 -0.839739 0.592717
520 1 1.31123 6.55086 6.7105 -0.0242969 0.66299 0.330401
521 1 1.52913 5.67401 6.08406 0.632199 0.257298 0.486734
522 1 8.26403 3.85643 1.93316 -1.55047 1.38282 -0.131175
523 1 5.4129 5.54173 7.07181 1.17802 1.71143 0.170631
524 1 8.77791 4.85718 8.5615 -0.174546 -0.965953 0.340715
525 1 6.27427 5.58625 3.38616 -0.191722 -0.0767871 -0.527455
526 1 2.84012 1.61622 0.18676 -0.024604 0.288431 -1.13424
527 1 6.81947 9.26455 7.27537 0.485334 0.52667 -0.674213
528 1 6.02563 6.56584 7.19821 0.792888 -0.786842 -0.382462
529 1 5.99823 7.06592 6.26176 0.734405 -0.116397 -0.628608
530 1 4.5248 4.41092 2.48008 0.353922 -0.317451 0.520885
531 1 8.33679 7.38788 6.07138 -1.45242 -0.767762 0.0563582
532 1 9.33746 3.37729 0.606021 0.653216 -0.356809 -0.138395
533 1 2.28332 2.41771 7.37695 0.442822 -0.620796 0.219355
534 1 4.68302 8.11287 4.06159 -0.738379 0.0462896 -0.496661
535 1 0.896727 4.55727 8.46575 0.463317 -1.57769 0.4828
536 1 5.33362 0.668371 4.31279 -0.12079 -0.204575 0.924991
537 1 0.329283 7.73153 1.68139 0.200151 -0.170202 0.09423
538 1 1.96184 4.86099 6.76195 0.767722 0.598369 0.654179
539 1 3.14543 0.97849 6.41824 0.767461 -0.110782 -1.07765
540 1 4.58201 6.94499 8.77624 -0.0513496 0.595334 0.78919
541 1 2.08057 3.96141 3.33387 0.503681 0.801161 0.0186362
542 1 7.96768 2.1195 9.11938 0.736177 -0.215342 0.437323
543 1 2.8811 3.53595 0.457934 0.735413 -0.0671212 0.150592
544 1 7.57468 7.26618 1.51019 -0.337724 -0.20185 -0.716102
545 1 5.29895 0.501059 8.35112 0.0823551 -1.33255 -0.176111
546 1 0.51729 5.19285 3.81069 0.170664 0.468893 0.961524
547 1 5.5493 2.30451 3.35132 -1.32439 -0.640752 0.267954
548 1 2.43731 5.5746 0.885683 -0.655652 -0.106885 -0.0861524
549 1 4.47067 0.695084 2.67618 0.51414 0.0687805 1.2267
550 1 5.54404 4.12774 9.16684 -0.849532 0.145501 -0.10838
551 1 3.19284 1.42651 4.77936 -0.557078 -1.28928 -1.19393
552 1 9.40085 3.81713 5.04355 0.722729 -0.389172 0.36781
553 1 8.62041 4.39703 4.79573 0.847657 -0.460752 -0.0767902
554 1 2.71358 4.19925 8.09919 0.269857 -1.18837 0.67984
555 1 0.623684 8.20275 8.93906 0.0527998 0.800538 -0.334173
556 1 5.83765 6.90591 1.00996 -0.734867 0.67327 -0.116838
557 1 4.43046 3.86367 7.76659 -0.222041 1.51321 0.124647
558 1 5.10756 5.31465 9.12703 -0.503446 0.609681 0.718567
559 1 3.18311 1.99175 2.01203 0.171727 -0.355247 -0.550923
560 1 7.51403 6.34415 0.97789 0.171817 0.319701 -0.133469
561 1 3.53707 0.741368 9.38126 -1.18235 -0.188522 0.0725713
562 1 2.75209 1.0342 2.21603 -0.146789 1.13021 0.726315
563 1 7.27033 5.71286 2.67388 -0.348257 -0.425683 0.378531
564 1 0.386016 7.07973 2.54708 -0.804971 0.623596 0.471286
565 1 8.37258 1.13499 8.84486 -1.0265 -0.92979 -0.523787
566 1 3.67451 2.8251 5.91321 0.771779 0.718465 -0.364497
567 1 5.6845 7.43735 3.69221 0.416839 0.706069 -0.186027
568 1 6.05077 2.0344 2.32221 0.702105 -0.182013 0.0437398
569 1 7.24708 7.72865 5.12799 1.06858 -0.887897 -0.171696
570 1 1.89919 4.56734 8.5817 0.287837 0.643296 0.703033
571 1 0.098147 1.24718 5.09536 -0.315878 0.167354 -0.0886304
572 1 0.135862 9.07978 7.5964 0.223852 0.600963 0.568847
573 1 5.20897 5.62363 5.90127 -0.0656471 -0.500926 -0.299377
574 1 0.101784 9.2985 0.944953 0.259988 -0.153765 -1.29423
575 1 9.28589 2.77335 6.80189 -1.38435 -0.507906 -0.445728
576 1 2.7449 4.77398 3.59716 -0.742612 -0.54587 0.768223
577 1 5.68317 9.1923 1.35248 0.00419827 0.147494 0.872607
578 1 4.64102 2.68569 0.430694 1.68266 1.0841 -1.05793
579 1 1.32734 2.63059 4.33092 0.75631 0.0850477 0.548294
580 1 6.92972 3.87889 1.11377 -0.889909 0.622468 0.380417
581 1 6.77064 8.42497 0.717037 -0.816471 -0.456112 -0.708909
582 1 4.41275 2.19173 3.19092 7.77777e-06 0.818563 -0.946215
583 1 2.97034 7.64695 1.32904 0.000875919 0.320989 0.542462
584 1 2.56269 5.82362 1.94047 -1.06899 0.228372 0.291581
585 1 0.704304 2.64887 5.98751 0.921271 0.29575 -0.551761
586 1 1.14168 7.1911 0.580809 0.044592 -1.04911 1.12157
587 1 5.44596 0.411789 3.26226 0.152031 -0.27397 -0.283461
588 1 8.64951 4.45609 3.11957 -0.905527 0.818552 -0.654946
589 1 8.99562 8.3565 1.07684 0.118687 0.897269 0.827456
590 1 4.05371 4.71265 7.41838 0.33884 0.148119 1.38018
591 1 5.01968 0.691621 0.213745 0.403317 0.738127 0.0252377
592 1 1.51858 8.22067 5.2187 0.90255 0.449517 -0.0564958
593 1 3.63713 2.20453 7.74811 0.826403 -0.113052 0.673773
594 1 6.51607 7.64416 4.37024 0.143216 1.03255 0.0398671
595 1 7.20211 2.62896 6.96124 0.127954 -0.679901 0.14402
596 1 8.84925 9.12506 5.71598 -0.767385 -0.10578 0.232339
597 1 8.89317 3.88811 9.17353 -0.887865 -0.116645 -0.117386
598 1 0.552079 0.476744 8.18883 1.40041 0.325131 0.614884
599 1 4.90668 7.71266 0.961385 0.140231 0.818021 1.47097
600 1 7.25736 4.50925 7.53644 0.765141 0.795016 0.248974
601 1 2.69446 4.85651 1.54211 -0.0188627 0.64165 -0.504931
602 1 8.27554 2.14446 6.45773 -0.334306 -0.140321 0.531136
603 1 5.42116 5.34481 4.01885 -0.884753 -0.0922793 0.886335
604 1 0.589053 5.26536 1.29017 0.935799 -0.957369 -0.0749809
605 1 3.09839 8.63715 1.61094 0.556873 -0.559793 0.657022
606 1 1.38868 5.63026 4.23901 0.860158 -0.619451 0.563188
607 1 3.13684 3.47705 8.82948 0.616382 1.03215 0.703482
608 1 3.58949 3.58323 4.95569 0.0727462 0.0533719 0.4845
609 1 2.16977 6.53756 4.16744 1.17128 0.972331 0.699199
610 1 7.89378 0.292499 8.53079 -1.1683 0.773822 -0.256725
611 1 2.85287 1.54598 7.74738 0.719398 -0.248976 -0.304768
612 1 9.16433 5.30301 3.10711 0.291116 0.219477 1.14973
613 1 8.4467 3.02102 0.310731 -0.628642 -0.184566 -0.68032
614 1 6.65485 3.95057 2.95797 0.598782 -1.38614 -0.422339
615 1 2.05733 1.4729 1.02743 0.661658 -0.281043 0.715275
616 1 3.33585 1.76747 8.65023 -0.429217 0.403639 -0.487851
617 1 8.34033 0.206506 2.7289 0.0763317 0.613996 -0.394767
618 1 1.09277 6.5573 5.64582 -0.328663 -0.109022 0.947947
619 1 3.40738 8.23149 7.02476 1.13598 -0.992576 1.51627
620 1 8.61857 3.58536 3.96865 0.775867 1.36826 -0.180477
621 1 2.71048 6.05951 8.54444 -0.601848 -0.335995 0.596618
622 1 1.28934 9.13222 5.81955 -1.28956 -0.319384 0.443172
623 1 6.90794 6.4284 1.82559 -0.159461 0.492314 -0.792255
624 1 3.91027 9.34275 1.33922 -0.945888 -0.0947965 0.888425
625 1 3.7725 1.21463 7.40032 0.379947 0.389018 -0.450943
626 1 1.25587 3.26009 3.51238 -0.734047 -1.80187 -0.0418811
627 1 6.24062 5.71975 7.95204 0.160142 -0.919677 -0.549475
628 1 7.47261 8.00097 6.16839 0.60316 0.424619 -0.00718302
629 1 2.07474 1.44411 4.69777 -0.108151 1.11137 -0.471381
630 1 5.98459 0.547169 9.17348 0.285323 1.12148 -0.226138
631 1 1.46387 5.91869 2.81048 0.705356 -0.317814 0.291345
632 1 9.13644 3.77223 7.21013 1.01567 -0.434823 0.0425231
633 1 3.48809 4.57916 5.41085 -0.68747 -0.101725 0.358204
634 1 9.26947 0.888819 4.21441 -0.177872 0.181014 0.281778
635 1 6.40576 5.88062 1.13356 -0.683592 0.124902 0.154693
636 1 8.47316 3.3057 2.84734 0.10267 0.285944 0.658934
637 1 8.01363 5.86009 5.52118 0.293409 -0.26631 -0.0818041
638 1 1.89653 3.66377 0.149742 1.18379 0.132343 -0.241775
639 1 8.7962 5.63307 6.19773 -1.40688 0.341701 0.260698
640 1 7.96893 0.0821973 0.0751359 -1.67973 0.465697 -0.297361
641 1 4.12275 6.241 0.0425496 0.888172 0.696871 -0.43269
642 1 5.35042 3.41474 5.07884 -0.142357 0.764917 -0.0486219
643 1 6.1567 3.52565 0.331364 0.748353 -0.759334 -0.0257019
644 1 6.14808 3.348 8.7452 1.22973 0.0738166 0.408258
645 1 5.95794 1.75606 1.37941 -0.489085 0.267412 0.586686
646 1 4.08736 5.38808 3.00052 0.63113 0.61558 0.691443
647 1 0.620886 5.6077 9.33214 0.43526 -0.836983 0.0585799
648 1 1.90083 3.23148 5.4562 -0.0489085 0.282254 -0.407376
649 1 8.01117 8.00418 8.05551 0.25144 1.46066 0.272171
650 1 4.83288 4.07419 1.46238 -1.01147 -0.327479 1.54815
651 1 8.93429 1.88528 -0.0219241 -0.943493 -0.198713 -0.76204
652 1 2.46653 7.83255 6.83508 -0.154148 -1.08048 -0.466337
653 1 3.13827 5.68355 2.86965 0.0480574 -0.195536 0.718886
654 1 7.66218 8.7796 2.81989 -1.02298 -0.243146 0.0436774
655 1 3.06157 9.26995 4.56237 -0.221046 0.250576 0.309944
656 1 0.344152 1.13713 0.405837 -0.863996 -0.34019 1.31197
657 1 7.34017 9.2659 0.928442 0.478931 -0.228643 0.357875
658 1 1.9658 4.26894 5.99421 1.24777 -0.792089 -0.0576176
659 1 4.02422 5.21625 9.1424 0.0563494 0.577875 0.394062
660 1 4.39593 0.648194 8.81074 -0.143567 -0.521435 -0.833535
661 1 0.45647 6.20806 3.35423 -0.0518055 -0.0429155 -0.149723
662 1 1.40931 4.95495 3.19267 0.314073 -1.0327 -0.456181
663 1 7.72385 4.4396 8.5748 -0.944877 0.728057 -0.643888
664 1 2.81721 4.98074 8.70914 -1.33708 -0.51679 0.515618
665 1 6.97315 8.76782 8.27843 -1.1537 0.647912 0.59249
666 1 3.06799 0.0148361 2.42957 0.864521 -0.761536 0.673365
667 1 8.21481 5.57791 2.41063 -0.243019 0.545513 -0.532788
668 1 4.45649 4.98996 3.91868 -0.590058 1.02435 -1.16689
669 1 4.34863 1.60446 8.27238 0.573319 -1.3977 -0.131511
670 1 8.01138 8.96426 3.89339 1.01044 0.588269 0.683707
671 1 1.51589 1.10472 3.75929 0.325847 0.751663 0.0578607
672 1 9.16088 0.0669152 2.00529 0.517195 -0.0623269 -0.0396273
673 1 0.357703 6.00164 4.38963 -0.597497 -0.457032 0.299667
674 1 2.26415 6.66988 9.26858 0.554351 -0.528395 -0.469817
675 1 6.40556 8.43017 5.06225 -0.0701178 -0.522405 -0.579937
676 1 2.31002 5.00399 2.60024 -0.575065 0.519452 -0.509434
677 1 5.58778 8.18717 1.68403 0.303004 0.55071 0.187058
678 1 5.59224 0.770127 2.01803 0.788907 0.342364 0.890268
679 1 1.08128 4.84223 5.81179 -0.124064 -1.40812 -1.21924
680 1 6.67745 8.52979 2.98131 -1.22424 0.637718 0.382553
681 1 2.17312 6.87669 7.1532 0.426748 0.184493 -1.35272
682 1 0.26035 7.28828 8.49025 0.263867 -0.452864 1.16333
683 1 9.10616 2.43064 5.83637 0.487897 -1.41548 -0.796723
684 1 1.03783 1.6068 3.01959 0.279482 0.16211 0.982986
685 1 9.19549 2.87653 9.00717 -0.212315 1.13621 -0.394496
686 1 6.27467 6.3244 5.43047 0.656595 0.214028 0.261076
687 1 6.23818 2.72476 4.88253 0.870723 -1.04278 -0.45362
688 1 3.25683 2.04349 6.81696 -0.0975563 -0.303405 -0.29186
689 1 4.18138 7.9957 5.64558 0.0927948 -0.850477 -0.0293226
690 1 0.431951 9.3409 2.75694 -1.17702 0.738834 -0.600306
691 1 5.08918 7.51829 4.77253 0.173376 0.166812 -0.156128
692 1 1.18999 8.28119 3.28686 0.416266 0.33066 -0.160934
693 1 1.403 3.67974 7.9245 -0.882065 0.37417 0.501828
694 1 5.54058 7.39778 8.23727 -0.0964835 1.83821 1.38596
695 1 2.68542 9.40144 8.01979 0.277611 -0.0221591 0.16016
696 1 5.7264 6.08593 0.249374 -0.359783 -0.827174 -0.00645932
697 1 1.81426 4.63546 4.11157 0.836342 -1.76286 0.336362
698 1 6.16975 9.2 6.52028 0.969702 -0.404579 0.871334
699 1 4.10141 6.02942 3.96765 0.404205 -1.22121 0.308989
700 1 3.00262 3.76392 6.00638 0.437997 1.15773 -1.30385
701 1 5.04322 3.57647 0.476787 -0.653567 -0.613989 -0.267
702 1 6.83521 7.33185 6.89784 0.0740463 0.421798 -0.691013
703 1 1.24531 8.07507 1.62862 0.481825 0.35656 0.696607
704 1 8.45541 2.14391 1.124 -0.937466 -0.808868 -0.426013
705 1 4.55942 5.1242 1.53574 -0.131082 0.422575 1.02757
706 1 2.88859 7.85731 2.45497 0.502552 1.35201 0.79362
707 1 0.587646 8.07725 0.692313 0.124188 0.424628 -1.73938
708 1 2.03231 9.02696 3.25355 0.0361 0.61433 -0.529167
709 1 1.75702 0.456097 5.21319 0.0699755 0.223278 -0.0897764
710 1 0.109566 3.52302 3.44594 0.55155 0.536 0.515307
711 1 9.24093 6.69023 1.74101 1.23665 -0.720075 0.113616
712 1 1.94734 8.5038 6.31809 -0.130054 -1.13235 -1.0775
713 1 3.04858 3.80608 3.31054 0.619892 1.26164 0.285652
714 1 2.18694 7.94834 3.16932 -1.59282 -1.12954 -1.30036
715 1 0.780514 3.28476 5.09805 0.542702 0.465526 -0.350843
716 1 7.82338 4.62247 6.65753 1.38209 0.414162 -0.858445
717 1 0.169556 5.65708 8.28818 0.940324 -0.544732 -1.17866
718 1 1.60083 5.38479 1.88088 -0.832141 0.936455 -1.04837
719 1 3.42181 0.713071 8.1988 -1.02706 0.422579 0.160788
720 1 3.45539 4.40518 4.27744 -0.122087 0.374531 -0.166134
721 1 5.19033 7.18283 1.80767 0.331846 0.410266 0.908593
722 1 2.81755 6.67184 0.851472 -1.20324 0.134849 0.0426546
723 1 4.15651 3.84858 5.83084 0.0193423 0.0652476 -0.069675
724 1 6.47972 2.43817 0.353864 -0.089554 0.680294 -0.38954
725 1 4.22221 1.14797 4.53856 1.08441 1.82595 -0.674682
726 1 7.09159 6.32112 7.37793 -0.135376 1.1581 0.547946
727 1 5.04863 8.25467 7.84086 -0.281505 -1.12661 -1.42654
728 1 0.931664 6.9062 1.66925 0.498591 1.2221 0.687892
729 1 7.71637 3.56667 7.91164 1.21072 1.42963 0.825832
730 1 4.45271 5.33045 6.68735 -0.17027 -1.47329 0.158954
731 1 0.868546 3.91077 4.22191 -0.183855 -0.684061 0.0443751
732 1 7.19303 7.36435 7.91528 -0.583295 -1.02269 -0.407449
733 1 4.73759 3.39363 8.84537 -0.333564 1.41274 -0.238717
734 1 3.67708 4.45917 1.84591 -0.551151 -0.750234 -0.654985
735 1 1.68772 1.19836 2.08051 0.368195 0.808028 0.398951
736 1 0.0787778 0.0886448 4.90381 0.185981 -0.178745 -0.712315
737 1 5.41336 1.43899 8.87683 -0.287419 1.40056 -0.596316
738 1 8.43443 1.2585 4.89152 -0.0272859 0.214087 -0.346128
739 1 0.0149298 2.97391 2.59372 0.130255 -0.282527 0.260866
740 1 0.361265 3.71029 8.03152 -0.366567 -0.0973745 -1.32621
741 1 7.92101 3.63263 4.78885 -0.105937 0.0457246 0.576952
742 1 2.47512 0.894636 8.75687 0.111717 0.11745 -0.471938
743 1 1.58841 7.42149 6.18928 -0.541849 -1.36968 -0.386575
744 1 4.05318 2.81322 7.00992 0.470927 -0.453848 1.09226
745 1 3.11813 2.19507 3.91884 -1.08039 0.964625 -0.355627
746 1 7.03301 1.29784 9.09676 0.349462 0.360313 -0.608519
747 1 2.75033 0.308423 1.44055 -0.840808 -0.357338 -1.16666
748 1 7.09185 0.846281 0.676471 1.73836 -0.430657 0.0965712
749 1 7.65842 2.90958 6.05502 0.152823 0.283649 0.545266
750 1 9.36232 7.9348 3.52209 0.337269 1.05786 0.31212
751 1 5.76144 8.68172 5.78411 -1.37398 0.594074 -0.681598
752 1 5.93466 3.83111 1.32359 -0.509001 -0.415764 0.16212
753 1 8.85383 2.05268 8.41382 -0.30079 -0.00193591 1.22047
754 1 4.33787 3.02666 1.2851 -0.512423 0.830408 -0.185816
755 1 9.25755 4.49602 1.48679 0.364629 -0.79233 0.327308
756 1 1.50961 0.8026 6.29153 -1.00205 0.120312 -0.454687
757 1 1.06485 9.18971 3.69605 -1.38984 -0.103875 -0.119278
758 1 9.23219 7.93254 5.81703 0.275474 0.369547 -0.90789
759 1 4.93125 3.40869 3.18779 -1.51326 0.371548 -0.551629
760 1 3.84186 3.75621 6.82933 0.787699 0.418541 0.0136068
761 1 6.52295 0.259928 3.50431 -0.50165 1.19986 -1.07074
762 1 6.36019 0.711382 1.41373 0.512095 1.25293 0.324452
763 1 6.58711 1.53113 6.31211 0.143518 -1.01476 0.19818
764 1 3.44506 0.746388 3.08005 -1.02402 0.664958 -0.83361
765 1 8.54592 7.09354 3.70701 0.0521942 -0.0413255 -0.659076
766 1 0.631241 7.45086 5.20855 0.258712 0.967496 -0.252439
767 1 4.22247 7.40861 0.221496 -0.392311 -1.51255 0.345163
768 1 6.45208 2.48864 3.88822 0.65909 -1.65801 0.495705
769 1 5.77991 2.95665 1.8781 -0.317069 0.341826 -0.0901212
770 1 3.5676 2.35952 0.267644 0.557222 -0.733585 -0.295143
771 1 6.3386 0.576739 4.40944 -0.406645 -0.717885 0.103575
772 1 4.44496 6.37124 1.81515 0.227241 0.187504 0.915552
773 1 5.51793 8.24893 9.01411 -1.03566 0.863952 -0.990077
774 1 3.86004 8.11268 2.0007 0.652377 0.78939 -0.0440946
775 1 8.6537 0.432077 7.80805 0.752759 0.52523 -0.316722
776 1 0.468007 8.17135 7.19679 0.62637 -0.444453 0.711917
777 1 4.04517 2.61119 2.24812 1.22376 0.714529 -0.0407453
778 1 2.48093 7.92283 5.58731 -0.393423 0.496063 -0.729793
779 1 0.873288 2.96692 8.56953 -0.793905 -0.936386 -0.361219
780 1 7.74797 5.47349 8.88135 -0.473536 -0.500169 -0.474692
781 1 6.98002 7.01098 5.89107 0.816575 1.08801 0.787074
782 1 3.94445 4.08629 0.91028 0.986936 0.644701 -0.303769
783 1 5.56176 4.00925 2.33521 1.68907 0.908231 -0.330082
784 1 5.48063 9.08274 0.158827 0.812823 -0.017505 -0.519642
785 1 1.60474 4.6665 1.15464 -0.798706 -0.113666 -0.218714
786 1 7.81739 1.53452 3.4498 0.370243 -0.442813 0.509241
787 1 3.25241 7.53657 0.302755 1.08982 -0.364647 -1.52048
788 1 7.1665 5.90376 3.84996 0.395715 -0.189241 0.0497312
789 1 3.72838 1.46154 3.69955 -0.799215 -1.19506 0.0296872
790 1 7.73006 2.33292 2.6977 1.15305 -0.193856 -0.0540968
791 1 0.520493 7.16496 7.4495 -0.0161489 -0.399454 0.0809193
792 1 0.49438 0.861758 3.36048 -0.289751 -1.85873 1.28671
793 1 7.00621 1.91799 7.67454 0.31101 -0.180484 1.30806
794 1 0.18639 8.83551 4.14053 -1.11007 0.555776 -0.301089
795 1 9.08699 8.47119 8.46875 -0.00156226 -0.776584 0.983632
796 1 4.10609 9.32907 0.275666 -0.404647 0.0369874 0.173078
797 1 6.64256 8.96831 1.64078 0.346194 -1.24051 0.159865
798 1 8.1688 5.39181 4.5722 -0.5292 1.21032 0.532981
799 1 9.03506 8.86408 0.152793 -0.45145 1.17539 -1.00783
800 1 3.11631 3.25701 4.19191 -0.163242 -0.684726 1.56487
801 2 5.21968 5.01357 6.50531 0.979472 -0.18745 -0.11794
802 2 7.64768 7.25145 4.50411 0.867226 -0.111772 -0.245671
803 2 1.69348 5.68979 6.94608 -0.325731 0.959372 -0.394722
804 2 3.21054 5.78807 1.31106 0.626794 -0.142943 0.24725
805 2 9.08094 8.27278 2.01152 0.91066 -0.2949 2.4254
806 2 5.72117 3.80941 3.14926 -0.434369 1.66526 0.205846
807 2 0.550286 8.84812 0.298801 0.194652 1.13892 -0.815783
808 2 9.24161 4.26832 0.583778 -0.347452 0.282504 0.225654
809 2 5.36477 1.58831 2.01132 -0.374534 -0.249802 0.307426
810 2 7.42921 9.04463 1.8198 0.21289 0.919451 -0.743928
811 2 6.57331 9.34078 4.89081 -0.859348 0.563529 -0.545675
812 2 2.87729 8.43438 4.82441 -0.977362 0.61657 0.450673
813 2 4.39674 3.21719 6.31089 -0.16471 -1.74936 -0.152052
814 2 8.41611 6.49205 5.83683 1.36511 -0.405751 0.487185
815 2 4.21858 7.69699 4.79892 0.709897 0.744676 0.0658401
816 2 5.97066 6.49156 1.75269 -0.681454 0.772774 0.358251
817 2 0.288397 6.60028 4.96326 -1.0768 -0.218634 0.821762
818 2 2.32152 5.93388 2.70456 -0.343291 -0.278172 0.49978
819 2 1.31717 1.18568 0.601373 -0.221714 -0.381478 -0.157282
820 2 6.97375 3.52599 6.24581 -1.34671 -0.558484 0.905976
821 2 8.59355 4.09586 5.55798 0.346621 0.311832 -0.270051
822 2 6.81479 8.67472 6.6593 0.292486 -0.492266 1.65494
823 2 3.34272 7.64603 3.1285 0.129673 0.161761 -0.327639
824 2 4.24362 0.716666 7.9281 -0.0306283 0.158415 -0.205205
825 2 1.1489 5.72018 5.03495 0.201995 0.234262 -0.195574
826 2 4.56895 1.74059 0.7346 -0.521689 -0.495064 1.35882
827 2 5.03845 1.76768 5.79842 0.496149 -0.0951687 -0.453139
828 2 0.167526 0.709121 1.44922 -0.119543 0.57891 -0.642433
829 2 7.88953 0.545209 0.904492 0.373153 1.6164 0.0792512
830 2 1.46386 8.23781 8.82948 0.331368 -0.262644 -1.16553
831 2 7.4106 7.85127 3.10065 0.562611 0.266337 -0.738973
832 2 7.91736 5.42439 6.21967 0.196454 0.518311 0.0850467
833 2 5.36614 3.01889 8.46716 -0.598396 0.917137 -0.434401
834 2 1.842 1.3134 2.95978 0.0632069 -0.100329 0.913964
835 2 3.96439 9.38347 3.13825 0.362073 0.275489 -1.4809
836 2 4.98928 2.6433 7.08801 -0.10155 0.695735 -0.778269
837 2 7.18726 6.20648 5.63446 -0.672301 -0.242807 -0.494
838 2 6.88979 2.77549 2.37901 -0.86922 -0.00735863 0.349354
839 2 3.7973 8.4704 6.31979 0.161025 0.00589417 0.427223
840 2 4.63012 7.12027 7.04547 -0.731918 -0.553227 -0.677404
841 2 4.52472 6.14922 6.18018 -0.22384 -0.412055 0.00319136
842 2 6.83417 2.01681 4.61907 -0.017931 0.361064 0.665233
843 2 9.05113 1.88064 6.52507 -0.295935 0.434471 0.305502
844 2 8.8792 1.46583 0.813895 -0.112045 0.646166 1.25451
845 2 1.87979 9.05069 7.76264 0.294852 -0.591634 -0.0466854
846 2 7.27633 8.91066 0.148769 -0.00894332 -0.213124 -0.322518
847 2 8.70735 4.65145 2.28185 -0.229048 0.617675 -0.0885005
848 2 2.66014 4.03692 4.05458 -0.1695 0.246706 -0.940937
849 2 0.666899 2.847 0.0423419 0.172245 0.270373 -0.134023
850 2 8.74533 5.07843 3.80286 0.0300572 0.641316 0.950045
851 2 2.83491 8.41117 6.34933 -1.09969 -0.0996397 -1.41578
852 2 1.21205 4.34459 6.54919 -0.39339 -0.027774 0.418471
853 2 2.90722 6.31197 3.53643 0.238161 0.598281 -0.112447
854 2 1.50664 3.75172 0.992739 -0.255433 -1.18375 -0.628291
855 2 0.571494 5.21944 7.64107 1.42793 0.585523 -0.86833
856 2 1.26272 2.17428 3.62496 -1.28957 -0.508322 0.234133
857 2 3.55191 5.98421 8.88821 1.16866 -0.592029 -0.0649427
858 2 3.96317 3.59194 8.6126 -0.279593 -0.888414 -0.931767
859 2 4.78396 2.80554 3.79195 -0.295386 1.53663 0.230327
860 2 1.22328 6.03157 1.3616 0.330886 0.455334 0.384726
861 2 3.5245 0.417502 3.96943 -0.0585184 -0.476006 0.562057
862 2 7.1769 9.06434 3.51885 0.41193 0.652282 0.0149164
863 2 8.78045 0.085492 4.3367 -1.90521 -1.06903 0.490371
864 2 7.86382 8.97783 5.87442 -0.371094 0.640721 0.217759
865 2 0.20519 4.17662 8.72446 -0.108795 0.0845189 -0.0134911
866 2 5.12348 3.28733 1.3252 1.07404 -0.760353 0.216635
867 2 0.994773 4.12747 1.78827 0.412036 -0.244564 0.630559
868 2 8.23898 3.96628 7.17336 1.32211 0.124791 0.873484
869 2 1.27942 6.40737 3.61452 -1.38046 -0.746579 -1.29095
870 2 6.18273 8.07202 3.61206 -0.238611 1.06386 -0.259717
871 2 0.692192 5.35645 2.91324 0.697869 -0.0732377 0.600319
872 2 7.47348 5.12457 4.15338 -0.74843 -0.577284 1.06114
873 2 6.29975 2.37542 8.13525 0.387715 -0.333686 0.194674
874 2 8.87077 0.674603 5.41611 0.293567 -1.15676 0.661358
875 2 0.207574 2.48704 8.37911 -1.21396 0.872141 0.494774
876 2 4.11149 3.71487 1.68577 0.288798 -1.06101 0.86998
877 2 7.21196 0.149978 7.999 -0.281547 -0.357776 -0.444236
878 2 8.5647 2.93431 6.37505 0.137485 1.34718 0.904351
879 2 0.677001 0.945459 6.5545 0.912549 1.0473 1.0014
880 2 1.03167 0.0753569 7.6281 -0.390859 -0.00759384 1.39058
881 2 5.75053 0.794946 5.03551 -0.060127 0.45867 -0.140012
882 2 5.02372 7.99386 3.25957 1.06601 0.551987 0.507846
883 2 2.92027 8.27289 0.809743 0.241688 -0.166616 -0.517043
884 2 4.46322 1.31548 3.26545 0.59763 -0.0552541 -0.0867899
885 2 9.32319 6.95168 3.36721 0.257542 -0.205673 -0.486475
886 2 5.63917 5.30615 0.773816 -0.230382 0.0324116 0.203803
887 2 7.60804 1.82312 8.40843 -1.21627 -1.11716 -0.123211
888 2 6.64752 3.35714 3.87508 1.15692 0.364492 -0.649118
889 2 3.11705 4.21573 0.986641 -1.11825 0.214377 0.134645
890 2 2.86332 5.20651 0.248843 -0.148332 -0.0304823 0.923377
891 2 1.2821 1.75716 4.58355 0.443907 0.0525459 0.00672465
892 2 0.806722 0.358114 0.622953 -0.44578 -0.275491 -0.287945
893 2 2.27795 5.60806 4.55311 0.50729 -0.252888 -1.00057
894 2 4.21214 4.76914 0.475268 -0.411357 -0.708243 0.0260279
895 2 3.40937 0.433187 0.810053 -0.140188 0.0659913 -0.338318
896 2 8.91689 1.92087 5.13188 0.242266 0.0485293 1.1052
897 2 4.41284 7.49754 1.78869 -0.230857 -0.525371 -0.684551
898 2 0.781746 2.45924 6.78602 0.215279 -0.337284 0.294622
899 2 6.04131 7.03292 8.85335 -0.555262 -0.609274 0.438557
900 2 7.81218 2.12305 7.38447 -0.181109 0.231955 0.294319
901 2 6.41542 4.16811 8.80758 -0.547151 0.149448 -0.270294
902 2 7.00812 1.11989 3.27244 -0.746458 0.284741 0.308401
903 2 5.69513 0.45287 0.832181 -0.0300164 -0.115735 0.615703
904 2 6.29659 5.71323 7.08093 -0.136279 -0.22802 -0.33023
905 2 9.31407 2.97518 5.12494 0.69985 -0.748337 1.2606
906 2 3.55818 4.95045 3.67634 -0.869489 1.22999 -0.192175
907 2 2.26821 3.4137 6.24999 -0.173292 0.426146 0.395745
908 2 3.4242 4.18861 7.63831 -1.23978 1.39179 0.519084
909 2 5.47488 5.97603 5.16739 -1.42867 -1.38411 0.418989
910 2 7.57921 1.37626 4.92355 0.0255488 -0.874087 -0.949172
911 2 8.22553 6.77713 1.30809 0.705887 0.257441 -1.10228
912 2 2.91871 3.2091 5.26466 -0.694774 0.453293 0.285522
913 2 3.69495 6.09152 4.78728 -0.229364 -0.350865 -0.0250521
914 2 1.48565 3.02121 7.38991 -0.221514 0.393695 0.116953
915 2 9.2006 0.537025 2.73116 -0.439007 1.26 0.565314
916 2 1.28248 4.16472 3.57566 0.169159 0.798673 -0.271931
917 2 8.58638 9.00694 8.0605 -0.66964 -0.0237416 0.418517
918 2 3.58334 6.74347 0.546518 -0.753533 -1.41245 -0.997604
919 2 2.55735 6.79285 5.00689 -0.70914 -0.326428 -0.611462
920 2 8.82858 5.48507 5.36477 -0.607173 -0.345468 -0.00375645
921 2 0.548014 7.39875 9.35235 -0.875627 0.781349 0.6938
922 2 7.65198 6.1102 1.93859 -2.17049 -1.11772 -0.557524
923 2 2.83536 6.09946 5.91328 0.101953 -0.300679 -0.294696
924 2 3.70282 1.52435 0.463422 -0.165004 0.288733 -0.242974
925 2 7.44699 2.85152 8.68701 0.783392 0.0255627 1.16767
926 2 4.85524 8.56713 6.0394 -0.654666 -0.917564 -0.0663261
927 2 7.15637 6.5578 3.18864 -0.509032 -0.0371344 -0.0118112
928 2 2.3563 1.96725 1.7097 0.220337 1.11884 0.167717
929 2 6.72825 5.09031 2.46633 -0.236496 -1.01144 0.631485
930 2 9.11222 1.18842 7.85925 0.598289 1.60182 -0.163077
931 2 6.3732 7.42821 7.62397 1.13186 -1.02286 0.140443
932 2 7.79354 2.80237 5.02319 -0.465537 0.884765 -1.55536
933 2 2.4937 2.00014 8.68531 -0.609433 0.33923 0.036312
934 2 7.47015 4.23246 1.72351 0.0174406 0.284908 -1.62095
935 2 7.95839 2.99006 2.16739 0.677242 0.647652 0.458048
936 2 0.128246 6.49903 8.32667 -0.458153 0.985286 1.14633
937 2 0.328382 9.07928 8.49997 -1.45458 -0.583838 -0.0878689
938 2 7.72955 0.825647 9.2745 -0.486816 -0.734622 -0.40598
939 2 7.26841 2.11163 6.27791 -1.06915 0.0508541 1.46693
940 2 4.86887 6.19823 9.19239 -0.694949 -0.898783 -0.591634
941 2 5.82313 6.2302 6.13928 0.453187 -1.11259 -0.342249
942 2 2.67563 8.6153 2.9691 1.01033 -0.301195 0.370061
943 2 3.4671 3.0354 0.84904 -0.643783 0.117547 -1.51145
944 2 0.353825 0.239264 4.03174 0.371458 -0.333361 0.399231
945 2 1.72981 6.17789 8.68786 -0.408999 -0.804967 -0.441037
946 2 0.389171 9.31094 5.88509 0.395719 -0.562362 0.1316
947 2 0.412424 8.0331 8.10536 -0.164088 -0.20425 0.474174
948 2 1.0728 2.13529 8.45552 -0.337063 0.1605 0.414765
949 2 5.59735 8.04895 5.20937 -0.74734 -0.16599 0.159158
950 2 2.13453 2.15381 0.553757 -0.866884 0.383945 0.983233
951 2 0.932862 1.68858 2.15948 1.33686 -0.568047 0.213199
952 2 3.6827 6.26639 2.55111 -0.641664 -0.834328 -0.287093
953 2 1.05512 6.56828 2.53864 0.231256 0.598012 0.0788434
954 2 0.138451 5.17011 6.3914 0.202871 -0.554354 0.70186
955 2 2.85386 5.10346 6.56228 -0.470615 0.383593 0.126956
956 2 2.25114 7.24527 2.40638 0.645673 0.617174 0.271435
957 2 7.26202 2.31455 3.66325 -0.558748 -0.257981 0.176049
958 2 9.46217 5.88332 1.37165 0.623206 -1.0388 -1.34805
959 2 8.12875 7.16488 8.12552 0.279915 -0.411969 0.401698
960 2 0.0269572 1.56535 3.51064 -0.603043 0.9674 -0.896703
961 2 6.30428 1.68712 9.28329 2.02763 -0.47008 0.498518
962 2 2.16809 5.36282 8.40189 -1.37647 -0.32119 -1.15668
963 2 3.53027 2.32338 3.16204 0.734202 0.818018 0.347708
964 2 5.82027 5.59272 8.71032 0.923478 0.408567 0.597492
965 2 2.63175 4.17258 9.10558 0.920557 -0.460579 -1.32782
966 2 2.14269 9.13829 1.33008 0.0810499 0.707704 0.521806
967 2 5.85452 3.91707 7.34701 0.28356 -0.398136 -0.38564
968 2 8.05916 7.26386 3.00199 -1.50009 0.0850299 0.654955
969 2 6.28685 2.02308 5.35977 -0.511362 1.25683 -1.10765
970 2 2.04268 0.0580675 9.02808 0.510779 0.598949 -1.53268
971 2 2.85786 6.86975 8.38293 -0.475684 1.06179 0.168326
972 2 6.30309 3.66062 2.09746 -0.553934 -0.181461 0.080884
973 2 2.33576 0.855552 6.59202 1.4542 0.608471 -0.44246
974 2 4.80297 0.0676114 0.829829 0.0876584 -0.203008 1.37609
975 2 5.78841 9.36089 3.9209 1.02162 -0.557895 -0.396627
976 2 5.90932 4.34197 0.496508 -1.16873 -0.657342 0.826714
977 2 1.40555 3.81254 8.84426 0.645868 0.139509 -0.51088
978 2 2.5364 6.72177 1.70703 -0.356891 -0.75005 -0.830931
979 2 1.81862 1.39749 5.67411 -0.269925 0.086084 0.925789
980 2 4.38382 5.50587 7.68328 -1.10097 0.218504 -0.166035
981 2 2.59625 1.9295 5.19612 -0.146846 0.404172 0.81942
982 2 7.42116 4.75819 9.33894 1.40357 -0.953644 1.0031
983 2 5.45801 3.12704 9.37979 0.615421 0.340865 -0.0695986
984 2 8.84011 8.6199 3.76408 0.0472444 1.65113 0.564296
985 2 1.35095 6.93104 7.5244 0.431806 1.77831 0.175251
986 2 5.89535 2.08955 6.15289 -1.38391 -1.10415 0.472461
987 2 2.20677 0.832304 7.90184 -0.45409 0.445893 0.119618
988 2 0.627211 4.19307 5.41089 0.331769 0.459531 1.22394
989 2 2.60913 0.655249 4.78331 0.0255744 -1.03572 1.57217
990 2 8.69988 6.97185 9.34835 -0.836631 -0.414932 0.360164
991 2 8.14619 1.62236 2.68089 -0.505819 0.185033 -0.137811
992 2 6.23751 8.56592 2.24633 -1.32172 0.0976554 -0.276894
993 2 0.403792 8.68302 3.32157 -0.0278288 0.438791 -1.09301
994 2 4.76565 5.7692 3.53238 -0.554798 0.322192 0.192306
995 2 8.95799 2.68418 3.85282 -0.623829 1.31394 0.92522
996 2 6.73576 8.11543 5.74511 -0.445065 0.865537 -0.314513
997 2 2.04947 4.39406 7.56235 0.49353 0.900669 -0.329545
998 2 4.6103 5.62818 2.3066 -0.538116 0.640231 -0.254945
999 2 7.95292 8.366 7.19298 0.760724 -1.75545 1.10773
1000 2 7.16594 0.687393 1.64711 -0.00527622 0.754225 -0.124329
