1 0.848708 1.4554 1.5085
2 8.29051 2.03399 8.55722
3 3.15798 3.83824 1.59536
4 7.93099 6.5227 3.80996
5 8.82621 8.83572 4.36361
6 7.85996 8.74525 8.05886
7 0.741617 7.6615 8.81547
8 3.04417 2.90933 7.47181
9 4.6181 3.76473 6.11641
10 7.64723 1.26448 1.3182
11 9.20407 2.19361 2.7612
12 6.65185 8.65302 2.81082
13 7.61325 1.45733 4.74773
14 5.49348 5.14377 9.30171
15 0.357889 2.78519 2.25669
16 2.5448 2.10336 5.23583
17 8.52887 6.30175 7.38512
18 1.32267 8.08947 6.15456
19 5.7077 8.06811 7.61962
20 3.12816 2.29656 6.71803
21 0.742745 3.61538 2.68132
22 0.444952 5.00933 5.99353
23 8.43056 1.42047 5.52197
24 9.21995 9.3004 5.88985
25 7.53078 8.48318 6.49543
26 1.37202 1.79034 5.79464
27 6.94141 6.30099 9.15326
28 4.76131 2.84373 6.32445
29 1.2335 5.26323 8.15881
30 5.96973 4.65278 5.20742
31 1.87949 4.30857 6.6452
32 4.23769 2.22664 3.56259
33 2.02618 1.96918 0.554503
34 7.46316 8.60306 4.27255
35 0.252597 8.87585 5.03853
36 8.86381 6.68815 8.59026
37 7.43145 3.83898 2.19393
38 0.0426009 1.00964 1.35483
39 9.35218 0.338098 7.58133
40 8.7166 8.43225 0.74685
41 5.84672 1.96029 9.00916
42 0.62221 8.8127 5.98483
43 1.09944 0.683248 8.72035
44 4.33204 2.70154 5.43637
45 7.96867 0.254255 6.70058
46 8.36394 8.63413 2.12884
47 3.43235 4.65393 7.09
48 1.04371 3.35655 1.21012
49 2.78015 4.2944 3.912
50 9.34457 7.22172 5.22312
51 7.65134 6.47062 4.74516
52 6.64217 4.38428 2.80319
53 6.38296 1.28887 4.01457
54 5.11779 7.8009 8.33585
55 1.61105 1.24056 4.07376
56 5.88139 2.89283 6.12101
57 7.50764 0.48004 5.19693
58 0.341604 1.30452 8.01228
59 0.0410517 0.751306 6.66436
60 0.186319 6.26868 9.01658
61 5.06749 5.14431 5.10393
62 7.78012 0.24764 0.996085
63 3.03623 4.53812 7.94513
64 2.4942 4.86961 7.13773
65 2.99527 8.25446 8.12557
66 6.73869 3.28231 8.63695
67 6.17156 7.33573 7.12368
68 2.6138 7.02732 6.95212
69 3.61506 3.71054 6.91207
70 9.35025 4.59135 5.24789
71 7.53407 5.7962 8.6688
72 3.76289 6.33584 8.23139
73 1.41513 3.1196 2.07679
74 3.93837 4.65769 8.53436
75 0.193386 0.133885 4.19764
76 7.08703 0.388662 2.79259
77 4.68218 4.03345 8.39847
78 0.994472 5.66864 5.53885
79 5.16059 7.65722 3.45463
80 1.20853 2.94156 4.58831
81 5.07175 9.0969 1.38942
82 7.67007 1.50388 3.11158
83 0.709025 7.06213 4.67758
84 8.48645 3.66263 9.17277
85 2.46909 3.62671 3.28654
86 7.15961 2.55877 0.957289
87 8.5163 3.68667 4.55599
88 1.48434 7.43796 5.0132
89 0.899973 4.39094 2.13076
90 1.82069 1.80742 7.63743
91 9.26581 5.7517 6.95164
92 8.56987 1.78678 0.0946761
93 1.74295 5.09441 3.36335
94 7.63062 4.33063 2.95885
95 6.8665 7.0212 6.5186
96 1.23407 7.4727 0.195914
97 6.0069 6.26069 2.89205
98 8.59789 0.632883 1.22407
99 0.862635 9.26606 3.53458
100 6.23062 2.04021 5.56092
101 9.11207 7.34148 6.14372
102 5.32144 7.72661 6.81322
103 5.34708 9.34326 3.56695
104 0.545299 1.36974 9.01794
105 8.38369 5.97205 8.27847
106 8.18255 2.95457 4.05916
107 9.19315 7.65694 2.91174
108 8.79663 3.65951 1.59405
109 1.63669 2.08393 2.58644
110 1.82648 5.49439 6.61312
111 4.26136 4.39558 6.73983
112 5.4582 4.29884 2.97489
113 0.0570105 7.88059 7.9684
114 3.59573 7.02679 5.44234
115 6.55446 5.20711 4.08079
116 0.0885002 8.0477 0.256229
117 6.26577 4.88204 7.79634
118 7.19655 8.21793 1.07635
119 7.92184 8.77447 1.30746
120 2.56684 1.2093 7.73115
121 3.53628 8.53755 6.6117
122 2.46452 3.04857 8.7424
123 3.54278 1.63897 4.38916
124 3.83896 3.65948 8.62052
125 8.89036 1.69271 7.87302
126 3.34158 5.00783 6.19329
127 2.90128 5.43243 5.4029
128 6.49097 8.8198 9.08771
129 2.93856 3.34663 0.801739
130 2.98419 7.76299 5.22235
131 6.69801 1.82473 4.71348
132 6.32361 6.0758 3.77443
133 7.81764 5.51782 4.87113
134 6.45695 2.44152 8.35469
135 5.18828 1.52389 2.35256
136 2.72049 8.07809 7.19065
137 0.604675 2.90134 8.32289
138 9.19329 3.3266 8.61529
139 0.889076 5.40959 6.75946
140 2.39548 4.92959 6.14113
141 0.141942 2.10379 8.51915
142 2.15559 3.18149 7.80331
143 3.97982 6.01075 7.35051
144 1.19801 9.33846 5.36213
145 1.9683 7.52436 7.51657
146 7.92382 7.2236 2.00082
147 1.45097 1.47269 9.32327
148 7.43248 3.57503 8.07286
149 0.445802 5.25228 2.03326
150 2.18823 0.752936 4.70073
151 1.59342 9.24863 2.84983
152 6.31587 2.18547 0.444908
153 7.99533 7.01776 7.64932
154 6.6987 9.04278 6.56794
155 3.22854 8.90921 7.43581
156 3.16643 4.03119 2.5892
157 7.26924 1.09197 9.30238
158 0.671488 0.458987 5.9796
159 8.29673 7.90393 7.52427
160 6.52397 0.185265 7.40079
161 0.0563745 3.05415 3.10057
162 8.33549 7.19577 9.2395
163 8.26789 4.5596 7.64455
164 2.08679 7.6767 6.54345
165 8.80628 0.451234 9.11206
166 8.27222 7.30375 4.30472
167 1.15231 0.345209 1.99786
168 3.93974 8.42386 3.95964
169 2.87643 4.17057 6.42422
170 7.78538 8.07928 8.88757
171 7.50547 6.21995 7.7822
172 7.06011 0.762828 0.756407
173 8.76508 6.47537 4.21588
174 2.95777 1.30863 2.90806
175 1.78327 8.16677 9.16244
176 1.1922 8.84022 6.72307
177 1.68556 0.450264 3.60172
178 3.46009 8.87057 5.67278
179 4.37987 3.94969 9.35448
180 4.59239 7.64309 7.52283
181 8.83901 5.24142 3.26799
182 7.22564 1.376 2.25918
183 4.9974 9.11066 2.66648
184 2.67718 2.43965 1.11094
185 0.0840119 3.7033 0.944028
186 8.77469 6.13615 1.05852
187 7.03271 3.37636 1.45081
188 1.1243 8.39049 5.28971
189 1.67168 3.49531 5.1939
190 0.859755 6.28329 2.90116
191 5.51456 2.74047 8.4386
192 7.15986 4.03683 6.38329
193 4.97213 0.926205 4.75891
194 1.44418 6.60239 3.61923
195 5.97445 3.10095 1.55927
196 6.55872 8.41153 4.39343
197 0.901048 4.76312 5.17002
198 4.03658 7.12388 6.25748
199 0.762946 3.79212 4.97448
200 2.78127 6.18553 4.04555
201 3.70708 5.85133 5.81833
202 7.76689 1.2362 6.9515
203 1.83372 8.80365 5.81734
204 3.69143 8.01546 7.46214
205 6.60883 0.220231 5.51365
206 4.77836 2.72856 7.49685
207 9.34633 5.00308 9.20124
208 4.7875 6.94098 6.90475
209 0.28682 3.74399 7.91746
210 8.15205 7.04885 5.98876
211 5.15404 0.64142 2.80716
212 5.49601 8.25365 1.61888
213 3.88957 2.22076 6.12889
214 7.93236 6.33108 9.39591
215 1.54062 4.94426 7.3127
216 2.2556 3.37964 1.43518
217 8.53826 4.60139 1.36541
218 1.29648 0.573571 0.234525
219 6.27826 7.90482 1.20372
220 7.00554 5.38248 7.48628
221 3.0234 2.44646 4.48787
222 7.28307 3.27325 4.05185
223 1.18191 4.86985 4.07604
224 7.62667 5.91146 2.3434
225 5.53356 8.51757 3.20389
226 4.37579 8.62608 4.79903
227 4.73236 0.288932 0.678728
228 5.11504 5.90158 8.84475
229 4.71548 8.72021 0.470609
230 3.2447 4.18034 0.393416
231 4.54573 4.88906 9.40256
232 4.44825 6.55039 5.5861
233 0.0100619 8.15102 5.65086
234 0.411446 2.98058 9.23778
235 8.06639 4.83946 3.6484
236 4.93056 5.04875 6.73975
237 7.38365 2.13698 7.0356
238 6.56735 7.73337 7.87315
239 2.83534 7.24771 6.01961
240 9.22961 1.12904 4.78838
241 6.80748 4.22602 5.48068
242 1.7008 2.55345 5.35055
243 7.12754 9.22802 0.388714
244 7.6733 4.69035 1.80754
245 6.65293 2.48871 1.75196
246 9.09652 9.20668 8.36755
247 8.29644 3.0859 0.990728
248 9.2052 7.52756 8.85027
249 0.91955 5.29212 2.862
250 1.27922 0.425727 4.46437
251 8.74648 6.20293 3.31859
252 7.07672 6.12774 3.15629
253 0.377137 6.00389 6.21132
254 7.99087 7.99951 3.68676
255 8.66782 1.55371 1.14138
256 6.53054 7.42999 5.69978
257 6.74669 1.25859 3.12353
258 5.93236 1.20648 4.92053
259 3.50216 3.04781 5.06449
260 4.93077 7.34206 6.02808
261 0.195763 4.62961 2.73756
262 7.19672 5.10085 3.36509
263 3.94166 2.79536 6.91061
264 9.24804 3.6404 5.21017
265 7.11853 4.98506 6.03384
266 7.19109 6.82487 2.46561
267 3.97835 1.03929 4.98663
268 5.10887 3.31394 9.15155
269 1.5524 4.58442 0.628515
270 0.877124 3.02212 5.52952
271 0.159804 2.04708 0.15516
272 5.68007 2.96535 4.24515
273 8.46898 6.21715 6.45179
274 1.46556 8.45033 7.53331
275 5.61619 6.42304 1.09056
276 8.28317 4.6459 4.57566
277 7.68642 6.61451 6.84362
278 9.24365 2.45163 6.62183
279 0.779224 6.24005 0.382924
280 6.64003 3.77973 0.0703762
281 5.7558 8.10269 4.04062
282 4.48326 1.52847 4.16681
283 8.97835 0.172652 4.959
284 1.49702 9.32509 8.28637
285 2.48717 3.46637 2.3114
286 1.58025 1.80619 6.72314
287 5.46523 3.75506 3.78686
288 4.22942 8.22351 8.24165
289 7.10605 3.54499 3.06991
290 1.77576 8.94485 3.83358
291 4.03485 2.47554 4.47479
292 0.0905825 4.84295 6.86138
293 3.44289 9.24781 4.08214
294 9.39716 0.22353 0.836128
295 6.07659 2.15595 3.83752
296 6.57971 2.70646 4.40512
297 8.11365 2.7768 0.100774
298 2.38463 4.66527 0.0741485
299 0.85958 0.523993 1.12097
300 4.41081 4.44856 4.76988
301 4.57153 3.035 8.42061
302 9.26071 7.2414 4.26958
303 4.08052 6.75263 4.67218
304 5.94907 5.52763 4.76848
305 0.68408 1.89928 2.4099
306 1.30307 6.21445 6.25401
307 6.17513 9.0602 8.19434
308 6.11099 7.83145 2.26232
309 4.92403 3.62125 4.58171
310 2.87284 0.0258552 4.89644
311 0.35146 0.51612 0.02421
312 1.37999 1.25248 2.23515
313 7.49344 7.30895 1.17332
314 5.41452 7.53558 9.20513
315 3.99721 4.15867 7.70231
316 0.596867 1.25002 0.569881
317 1.07272 2.04239 0.699098
318 0.36406 6.97727 8.26936
319 0.964221 2.25696 9.00719
320 7.14429 8.95924 5.08628
321 3.8123 3.46637 2.19804
322 0.781251 6.08734 8.23396
323 4.58305 8.1427 5.62582
324 7.05226 4.17602 0.858946
325 7.0181 6.68161 3.9989
326 0.743094 7.55084 5.58352
327 2.36552 6.12588 7.02094
328 4.19784 2.98949 9.32383
329 0.461841 4.02162 5.88178
330 2.30497 8.94048 8.65165
331 8.46386 4.14243 5.39676
332 4.98858 2.3788 9.20506
333 4.80748 3.42768 0.65485
334 1.00075 0.514127 6.86155
335 3.96268 3.45782 4.30946
336 7.88398 5.70911 7.05896
337 6.87174 5.0853 8.49522
338 7.42097 9.02506 2.18416
339 5.55522 4.4032 8.1789
340 9.08398 5.16819 4.52142
341 0.641882 9.1662 2.54738
342 6.31801 6.26327 6.32217
343 0.890142 2.44108 1.56611
344 2.5439 0.123568 7.05303
345 0.760859 0.838059 3.76116
346 -0.0175367 5.71952 0.447894
347 3.44221 3.69983 3.47232
348 7.23154 2.91837 2.37186
349 7.2372 0.952088 8.37062
350 6.29885 6.84178 2.16582
351 5.40886 1.77689 0.495093
352 5.95398 7.26544 8.43179
353 8.03004 4.43113 6.19867
354 1.96783 2.92608 2.86173
355 6.084 2.89336 9.21609
356 0.174835 8.70657 0.982619
357 7.21207 6.59613 0.622692
358 6.82054 7.47861 0.547781
359 0.83745 2.14701 5.05864
360 7.05963 4.21347 3.72679
361 9.14625 2.74441 3.97793
362 8.62734 4.34336 3.05849
363 6.99734 7.75151 2.70214
364 8.85802 2.38334 0.731276
365 9.21794 4.5567 7.70532
366 6.27597 5.45398 5.74289
367 8.79612 3.54034 3.5543
368 1.54209 9.12537 9.22572
369 8.01587 1.32058 7.92099
370 8.91201 2.55113 9.04588
371 8.19363 8.17292 4.66317
372 1.45561 4.88414 5.93869
373 6.85935 0.301453 9.01637
374 3.88002 4.41242 1.98988
375 6.84593 7.04363 4.87047
376 6.91095 1.13287 7.47085
377 0.718547 6.28597 7.11847
378 6.34634 0.875978 2.34987
379 7.56262 4.85497 6.90486
380 8.10638 9.25991 2.81172
381 2.12888 1.51116 8.56589
382 7.77981 0.458475 3.45432
383 4.36767 3.78224 1.45699
384 8.55579 9.37565 0.517624
385 5.86231 2.1605 1.29515
386 8.1331 8.93876 3.70104
387 1.1119 6.24118 4.48689
388 5.83282 8.77043 2.33143
389 6.81674 3.46178 4.91983
390 4.55063 4.04268 3.78356
391 3.01501 7.3462 7.74742
392 8.45311 3.21093 5.57754
393 2.03424 8.11814 8.24131
394 8.6701 4.11451 6.92741
395 6.80572 7.73965 8.80972
396 3.15621 0.759851 4.36388
397 6.12892 4.45667 3.66124
398 1.98896 3.42487 4.2298
399 9.33319 2.84201 5.68262
400 8.77676 7.05278 1.46972
401 4.9326 2.66388 4.71136
402 7.02405 2.73286 0.020374
403 8.9109 6.54857 0.211812
404 6.99422 9.1723 1.30886
405 0.0939897 1.60083 7.13196
406 6.26445 8.92887 3.65958
407 6.29768 1.06471 9.16672
408 2.43153 4.369 1.97065
409 2.98178 3.40895 4.27072
410 6.69574 4.51693 7.05195
411 2.1952 1.29754 5.58884
412 8.18521 6.37841 1.74192
413 6.67683 5.94029 8.1918
414 7.55759 3.99751 4.64939
415 6.18976 7.98759 0.0642566
416 8.43875 0.00280409 7.66852
417 0.710067 7.9833 4.55871
418 7.47354 7.59861 8.15867
419 8.54462 2.66992 3.23014
420 2.50557 1.61022 4.44384
421 4.54509 1.83666 5.06391
422 3.50244 2.15778 2.98115
423 9.21984 0.95943 3.85372
424 7.3107 1.11007 3.93112
425 5.82752 1.04263 3.29495
426 0.44817 2.78757 0.742206
427 6.27569 3.70073 6.57518
428 1.55322 0.966399 6.20239
429 1.62801 7.31583 8.5181
430 2.52638 0.76508 6.31555
431 2.25649 2.48842 7.07171
432 9.11163 8.71987 7.48947
433 6.15179 3.17231 7.81822
434 6.61941 4.98413 1.07924
435 4.24948 0.70639 3.08715
436 7.11712 4.18474 8.76853
437 6.19553 4.54994 8.88209
438 6.35199 5.3519 3.00831
439 6.8819 7.49847 1.81762
440 0.579118 5.89054 1.29865
441 0.272754 2.85322 4.77921
442 6.53617 5.38819 6.66724
443 3.3124 6.51199 6.52147
444 7.07055 7.07411 7.45807
445 4.63969 2.12068 1.77734
446 7.65279 0.532491 7.57126
447 1.67707 4.92238 2.39227
448 8.49106 7.13957 6.86196
449 7.95941 2.08779 0.821692
450 0.964463 5.73628 3.69213
451 3.12357 6.41255 7.51536
452 5.67904 6.50459 7.01084
453 4.89322 4.97969 8.52027
454 6.15162 7.81978 3.21099
455 5.80731 4.86061 6.96963
456 0.256077 3.97355 3.4298
457 7.47078 7.25474 3.37156
458 2.48966 4.02927 4.82522
459 8.16338 6.82729 0.767415
460 8.5262 0.96038 6.35554
461 8.5989 2.3051 5.92035
462 1.10289 8.31003 3.68288
463 8.84711 7.45247 0.58416
464 0.635676 6.58777 5.51617
465 6.00112 6.33324 8.71794
466 8.3031 0.822777 4.79283
467 6.33783 0.585828 8.26651
468 6.81491 5.09667 5.03294
469 3.0229 3.58217 8.14388
470 8.71754 2.69789 4.84228
471 0.73668 1.37036 6.43947
472 7.09053 2.77783 7.68465
473 8.12528 3.50944 6.4235
474 8.63301 8.13615 9.264
475 2.89253 3.20957 6.57023
476 0.678689 3.78198 8.78003
477 8.57132 1.77055 6.89728
478 8.73963 6.87735 2.41755
479 2.68259 5.27973 3.58828
480 6.83726 3.63774 7.3321
481 5.45846 6.58037 0.0711613
482 5.65485 7.9244 5.73375
483 6.57555 6.97403 3.16647
484 8.1012 4.0965 8.45434
485 6.97036 4.81442 0.097233
486 7.65583 4.68445 5.31917
487 0.136748 6.31513 4.73425
488 6.2554 2.74136 2.59031
489 0.434499 0.953987 2.24454
490 7.7427 7.36933 5.12456
491 5.75717 6.88331 3.64023
492 1.74195 5.93278 2.96698
493 0.318991 7.1045 0.128495
494 6.04978 2.92275 5.1845
495 0.947835 8.97439 1.44474
496 9.18521 3.79548 2.52235
497 7.29598 4.506 7.84037
498 8.38867 7.49728 8.37124
499 4.82775 2.42365 2.85059
500 6.07876 4.54995 0.420963
501 5.39218 4.13416 6.50878
502 1.07594 4.41282 3.16469
503 2.13552 0.310456 5.54836
504 7.2077 9.08448 3.46492
505 1.65106 6.79408 6.92257
506 7.98388 5.38291 6.11215
507 5.71853 0.255222 5.08165
508 6.51452 3.57458 2.21973
509 2.26275 2.87537 0.334411
510 6.69582 5.98359 2.2692
511 3.02996 1.65869 5.99831
512 8.25205 7.85617 1.31786
513 1.12775 1.598 3.25796
514 8.98966 4.53089 6.1145
515 8.55172 7.75327 5.45269
516 1.22373 5.81363 2.10982
517 8.72394 0.745544 8.19511
518 0.190234 3.89275 6.95831
519 4.25616 3.63516 5.26193
520 8.61979 0.882771 7.27669
521 1.52547 7.15449 5.961
522 1.75362 3.62545 0.660763
523 1.02071 6.72069 8.94845
524 8.0592 1.09177 0.490387
525 0.793264 1.27102 4.60335
526 2.41354 0.283456 8.00901
527 6.8159 8.44314 5.84976
528 6.27275 4.56912 6.18383
529 7.77273 3.1118 4.92475
530 5.8545 7.10903 6.27089
531 8.06664 9.18216 4.83476
532 1.59222 4.99355 9.01515
533 5.65677 8.96749 4.41792
534 9.26518 6.21993 1.89401
535 8.39981 9.00039 8.97697
536 9.32256 7.84097 1.30127
537 1.40169 2.6913 6.30687
538 0.669401 9.21884 8.85849
539 1.93642 9.17112 4.77165
540 7.37405 9.10509 7.24237
541 6.0232 9.06858 1.40634
542 8.95488 7.11141 7.70722
543 2.11618 4.826 8.11423
544 1.54593 6.44013 5.30275
545 6.30156 6.32667 0.445127
546 1.97413 5.69495 5.69715
547 6.99377 5.67017 0.556596
548 9.30144 9.00464 0.0513648
549 5.28474 4.25366 9.111
550 2.58476 8.63015 5.28383
551 3.90637 7.77521 4.92966
552 3.11065 2.01792 2.11055
553 2.34222 5.99536 4.87134
554 0.0706623 5.75244 2.79079
555 7.1131 8.272 0.129089
556 0.253764 8.58981 4.01161
557 1.1565 8.46486 8.47465
558 0.592153 5.44698 4.54726
559 1.2211 6.80992 7.77748
560 2.04238 0.560284 2.2585
561 7.13765 1.6399 5.55975
562 8.11619 1.13083 8.88587
563 5.50638 5.9582 5.48785
564 7.94499 2.20182 5.24465
565 8.04025 6.17375 5.60188
566 6.54544 9.36719 2.14508
567 7.39881 5.76746 4.01914
568 4.84472 4.06106 2.24694
569 7.71607 3.96112 7.15749
570 6.77945 4.4013 1.80743
571 0.667294 3.05468 3.81692
572 1.29757 2.85619 0.282321
573 5.51197 2.74293 0.555614
574 8.88274 0.767638 2.18048
575 1.00852 2.71706 2.93033
576 3.464 4.01678 4.91095
577 6.64358 0.439095 3.66695
578 4.5525 7.72367 4.23177
579 8.72182 8.70383 5.31829
580 1.31662 4.33383 8.34393
581 8.1866 2.60863 6.71989
582 6.21626 3.94424 1.19123
583 5.50799 8.1989 0.675235
584 9.23959 1.97376 5.2762
585 6.87574 2.37367 6.22145
586 4.115 4.06101 2.89857
587 3.91617 7.30246 8.12982
588 0.0217475 8.55086 1.99094
589 3.26891 3.28439 9.29357
590 4.97621 4.33447 7.41418
591 7.25239 5.93996 6.37577
592 0.750837 5.19269 0.649303
593 8.60055 1.46704 2.87139
594 7.00305 2.56865 5.26641
595 8.23295 1.49018 2.00484
596 0.447608 7.884 6.43687
597 8.08799 3.45306 2.84535
598 1.09114 0.662774 2.89837
599 3.53301 2.6105 0.586662
600 2.3175 8.81109 7.67512
601 0.0123465 4.43929 1.69649
602 4.68121 3.06366 3.83207
603 2.55732 2.19541 2.86013
604 6.19197 1.24254 0.72272
605 0.498068 6.6291 3.84508
606 2.22668 2.19084 6.12998
607 2.50434 2.31989 8.10289
608 5.8529 3.63449 8.66439
609 5.46434 8.57472 9.17204
610 6.9297 1.46017 6.51261
611 2.96725 1.90264 3.68822
612 3.92132 2.52164 2.24545
613 6.04418 0.138276 2.93749
614 0.232405 8.48478 3.06709
615 6.49991 2.02399 7.43456
616 6.05067 5.72133 7.42489
617 4.75183 4.66301 1.50042
618 7.07711 0.525891 6.70565
619 5.72368 3.66677 0.385555
620 0.754637 5.49975 9.04292
621 6.38783 1.50879 8.26289
622 8.27611 3.05016 8.42972
623 2.45023 4.20923 0.967285
624 1.36072 0.881883 5.29016
625 9.1241 7.80997 7.05642
626 0.524956 3.1399 6.41484
627 8.24298 5.44631 1.65626
628 8.37411 5.62574 4.08001
629 6.40773 8.68465 0.6546
630 8.8917 3.1955 7.06253
631 1.58371 4.28735 4.70324
632 3.53042 5.38509 7.9426
633 1.00652 3.89632 4.06165
634 9.06416 9.14094 3.47798
635 4.54455 8.38035 3.14534
636 4.3108 5.03923 7.49956
637 8.54461 1.78367 4.57047
638 7.45046 8.96606 8.92355
639 6.78297 3.28207 5.88004
640 5.4832 3.24106 6.94862
641 8.72325 3.70901 7.83941
642 6.43076 0.578985 1.42796
643 8.51014 4.63264 9.345
644 6.98315 2.13001 2.7905
645 3.73328 4.15468 5.93658
646 5.24423 3.50049 7.86502
647 8.54958 5.27531 0.666026
648 7.4692 2.37707 4.44665
649 1.83296 4.07591 7.56166
650 7.68218 1.96001 9.28983
651 2.987 3.58774 5.6632
652 7.04609 7.99081 5.06998
653 5.89851 4.01341 7.37366
654 7.72866 4.86851 8.78795
655 2.45072 3.73565 0.0203273
656 6.38918 3.57089 4.00828
657 4.79921 0.0336436 4.43837
658 9.01713 2.67834 7.89876
659 2.93136 6.3789 5.55673
660 1.10967 2.05371 4.14848
661 0.335904 4.97432 3.60358
662 0.55212 8.98429 7.92377
663 1.88329 5.83057 3.99162
664 9.34639 5.57708 8.42615
665 4.12509 4.42876 0.779557
666 2.25521 2.56039 1.99351
667 2.31847 7.62888 4.57637
668 6.14543 8.69479 5.20689
669 8.28085 1.16584 3.84643
670 7.4446 9.29242 5.96251
671 5.03905 6.44675 4.79143
672 6.03409 6.61973 4.54006
673 5.17314 6.44672 6.20406
674 0.935855 4.45152 6.60624
675 3.37624 4.67815 3.2398
676 4.90776 3.5095 3.03344
677 6.23778 1.8114 2.26828
678 9.26164 2.85136 1.46003
679 4.56255 3.5476 7.06756
680 4.90582 5.94348 7.12816
681 3.85149 0.0713288 4.92132
682 5.8994 5.49728 0.689887
683 4.92698 0.733563 3.77876
684 7.53779 2.14528 1.73502
685 7.44895 2.59296 8.5742
686 8.69221 8.36485 8.30424
687 2.95448 4.5067 5.50711
688 5.10729 6.8407 8.57576
689 9.22461 1.60234 6.18026
690 8.94424 4.41915 3.93718
691 2.56181 5.61739 7.79476
692 0.18265 1.36653 3.06752
693 0.160171 7.18514 2.04054
694 2.54027 7.11776 3.80094
695 8.6746 0.564031 3.14198
696 7.83437 6.72512 8.53599
697 9.04156 1.36274 8.81435
698 6.79723 1.88367 9.03897
699 0.538639 1.33868 5.51233
700 8.48435 2.34215 1.64845
701 7.80948 8.42436 5.52421
702 0.201912 0.140956 1.7734
703 7.56932 2.73285 3.29502
704 8.79772 2.95267 2.33646
705 1.68368 0.873937 7.98915
706 0.436927 7.21536 7.32372
707 0.0404166 3.62263 4.27916
708 4.36202 9.26765 3.58284
709 3.19509 5.56852 7.04676
710 1.36044 7.44708 4.06346
711 9.03216 3.17935 0.33628
712 0.702446 6.96416 6.40989
713 0.372516 4.49666 4.41656
714 8.3299 0.326587 5.65653
715 2.77873 8.21094 6.14229
716 2.01927 1.92207 3.59366
717 2.67959 9.17473 6.14806
718 2.28612 7.00796 5.30272
719 5.45925 1.43511 4.1062
720 5.60349 6.99958 5.35712
721 3.04472 4.89545 4.62122
722 3.86177 6.98009 7.21546
723 4.6776 3.10075 2.18849
724 1.71404 2.69793 1.11843
725 6.88458 6.8759 8.40329
726 7.59133 3.42024 9.02369
727 4.95256 9.40647 9.18589
728 1.49837 3.20967 8.84079
729 4.22486 1.6589 2.60437
730 1.79905 0.110734 6.43767
731 9.06097 4.2438 8.58561
732 1.03861 1.3319 7.36222
733 1.53865 8.61423 0.668663
734 7.99118 6.61465 2.87632
735 3.28172 4.70014 1.22805
736 8.63201 7.12891 3.45802
737 -0.00646544 5.81587 3.87863
738 0.552349 8.30681 7.25736
739 0.542132 2.20618 5.9504
740 7.94011 5.7211 3.23815
741 9.16947 8.04883 4.74268
742 5.13384 2.25495 3.84835
743 0.811802 8.00306 0.897583
744 7.10605 5.11554 2.42699
745 8.56826 5.88397 2.4656
746 7.41016 7.67771 5.96026
747 6.96116 8.48304 8.27825
748 5.47988 2.44393 2.1446
749 8.77351 7.79276 2.0931
750 7.29057 0.531185 1.83
751 9.17989 0.804026 5.67607
752 8.90884 5.01971 2.24053
753 5.40064 6.17439 7.94249
754 0.167548 1.94954 1.12712
755 3.12915 3.01595 2.82307
756 1.60862 4.08931 1.53613
757 1.98705 3.3809 6.84992
758 7.67126 2.80644 5.91412
759 0.396555 3.60304 1.81645
760 3.14531 2.91661 1.785
761 6.30573 0.302281 0.46627
762 9.31594 4.65805 0.717978
763 1.09566 3.63458 7.0512
764 5.44001 4.93514 5.9469
765 5.83389 7.27068 0.636307
766 1.94169 1.17596 2.99955
767 5.73894 2.12856 4.72286
768 5.07307 2.87361 1.37869
769 5.16324 3.25173 5.4716
770 1.8534 4.23722 3.74218
771 8.83176 9.09766 1.42712
772 8.50891 6.83464 5.08379
773 3.86232 3.50996 0.67268
774 0.186909 0.566773 8.51934
775 6.25133 5.18942 1.9737
776 5.26475 5.22256 7.66833
777 5.39171 7.30537 4.41382
778 8.37355 7.97939 6.37575
779 6.14402 3.6276 3.09567
780 6.50651 9.3698 4.52002
781 4.32856 5.76681 5.05352
782 3.39059 2.76264 8.4713
783 2.5308 2.76343 3.66929
784 0.0542102 6.75348 3.0159
785 7.25947 5.5034 1.55546
786 8.15143 7.62835 2.80538
787 0.74522 2.23875 6.8435
788 8.58102 3.97609 0.660955
789 6.68494 8.4623 1.86585
790 6.47879 6.89408 1.21728
791 8.16569 0.148805 1.90131
792 1.57876 4.06053 9.22394
793 3.04313 2.64303 5.81708
794 7.1051 1.69098 0.604007
795 8.53793 5.08732 5.38394
796 2.57642 8.58253 4.31286
797 5.83379 5.41062 8.42647
798 2.04641 2.44975 4.45182
799 8.94371 1.8628 3.65645
800 0.133411 6.72341 0.993221
801 0.769242 4.31323 1.11202
802 1.66645 1.69462 4.89294
803 2.31789 1.51126 2.18728
804 7.86197 3.90618 1.30333
805 7.84491 5.93084 0.925431
806 9.38253 6.26001 7.75964
807 6.59197 4.3318 4.53833
808 2.90047 2.34963 9.25054
809 3.48594 2.77761 3.73253
810 7.36164 7.59105 4.27144
811 1.9348 6.74254 4.44561
812 9.18632 5.34669 1.37231
813 1.53107 5.91284 7.47136
814 4.54935 2.4587 0.683178
815 5.31454 3.81363 1.42622
816 3.06588 4.22066 8.85577
817 5.62805 0.291715 2.04024
818 7.09727 9.39876 8.13283
819 2.01884 0.539813 8.87632
820 4.26054 6.26409 6.49296
821 1.63059 0.0123823 7.37366
822 0.89031 8.41283 9.38673
823 6.43255 3.10998 0.720042
824 4.0745 2.90954 1.39306
825 3.20492 0.458606 5.66964
826 3.72002 4.40609 4.09101
827 1.91512 2.31304 9.05159
828 0.196984 0.418568 3.07788
829 8.78143 5.40397 7.64755
830 0.153086 1.95701 4.37944
831 6.01943 8.19105 8.52176
832 5.18353 8.00407 2.49523
833 1.37887 2.75173 7.30601
834 6.371 6.41795 5.4158
835 6.10916 7.72309 4.89853
836 7.64307 8.43474 2.90643
837 7.39992 4.86564 4.32276
838 4.07924 3.05257 3.03881
839 4.72555 5.63141 5.94951
840 2.50892 3.05644 5.03453
841 0.482499 0.464223 5.04439
842 2.50895 0.120713 4.02065
843 6.34465 7.04916 9.25281
844 3.90831 3.22479 7.75687
845 5.46717 0.789294 0.197063
846 2.72231 3.86891 7.29762
847 7.82043 5.30868 7.92455
848 5.69171 1.98108 3.01472
849 5.37341 4.51079 4.41132
850 0.423083 2.20468 3.48221
851 3.40824 6.00116 4.81654
852 5.58889 2.88893 3.28843
853 3.0014 6.90322 4.67949
854 1.00536 7.71837 7.90584
855 4.88302 1.51874 3.27581
856 8.2458 8.70925 7.06582
857 7.26307 6.74224 5.70039
858 7.38899 7.16384 9.25448
859 8.58291 5.02685 8.47382
860 5.64795 7.27641 1.61274
861 5.84869 3.76353 4.76964
862 3.67176 7.92434 5.86119
863 1.8908 0.892857 7.07658
864 9.28062 6.66057 6.79386
865 4.32932 7.92854 6.63594
866 7.01848 1.99165 3.73083
867 7.67223 4.90282 0.891531
868 7.32707 3.09281 6.75029
869 6.76872 6.01463 4.65104
870 5.94541 3.78958 5.70377
871 2.40739 4.52229 2.96625
872 5.79941 0.531752 4.16758
873 7.88604 7.77089 0.440096
874 2.11025 8.64115 6.74198
875 4.53406 5.75011 8.08632
876 7.91236 8.71377 0.341605
877 7.63229 0.924549 6.02276
878 1.54143 1.20399 0.902136
879 8.52937 5.04051 6.81963
880 1.42247 3.53516 3.31321
881 6.21996 6.64767 7.77586
882 3.7971 3.20935 6.05826
883 2.07045 7.89282 5.58055
884 2.13887 4.08264 5.75901
885 5.27057 2.31263 5.56878
886 7.94923 0.2725 8.45649
887 2.17802 3.13662 5.94217
888 0.443648 7.62248 3.64215
889 7.6177 3.73736 5.60845
890 7.25352 1.86806 8.01941
891 5.56023 0.505765 1.09991
892 3.70881 2.04725 1.36853
893 4.57161 6.65989 7.78514
894 6.61535 2.82709 3.44988
895 4.91921 8.568 3.98927
896 7.41159 0.193891 4.28237
897 0.779843 4.45166 7.54542
898 2.50727 1.02858 3.72413
899 0.777826 4.56187 9.34271
900 4.06188 5.36012 6.63477
901 5.56542 3.39711 2.36314
902 5.6969 4.75505 1.29196
903 5.60647 7.15551 2.72981
904 0.458317 4.7414 8.42373
905 4.50045 4.71734 5.86209
906 7.93738 0.780976 2.55589
907 0.0760442 5.57093 5.32838
908 2.2069 6.53705 6.16542
909 7.81232 1.86062 6.20612
910 8.32761 4.16566 2.20813
911 4.73324 7.3395 5.10475
912 0.43817 5.37124 7.62236
913 5.75724 6.05122 1.9792
914 3.56285 2.07091 5.2354
915 0.853073 0.481777 7.80597
916 3.40826 8.57829 4.77733
917 9.02053 9.25737 2.50705
918 8.11512 2.23437 7.64507
919 6.41678 2.83789 6.94352
920 2.19256 6.63785 7.80372
921 7.2511 6.46748 1.58754
922 1.00272 8.94139 4.46346
923 7.96227 3.89759 3.76557
924 6.49364 4.03752 8.10397
925 8.62956 8.44069 3.00608
926 3.76851 4.98233 5.2941
927 8.85418 0.0287383 6.79501
928 2.50353 1.5798 6.83467
929 8.06045 5.06355 2.5981
930 6.5078 8.60247 7.41557
931 6.79196 6.24121 7.13922
932 1.19603 1.59433 8.35974
933 7.98995 3.13529 1.88013
934 5.13233 4.19377 5.36171
935 7.64923 7.55218 6.85135
936 3.20567 7.78432 4.24434
937 2.07634 8.00213 3.70053
938 5.09498 4.36351 0.634698
939 5.56065 9.15399 0.519922
940 6.75007 7.9656 6.69757
941 8.96884 5.49125 6.10552
942 2.14737 4.94894 4.28432
943 5.77717 1.25954 1.63505
944 5.39343 7.14033 7.66323
945 1.20839 7.64179 6.96814
946 3.03341 1.24715 5.14631
947 5.86703 4.275 2.10536
948 9.19702 1.68844 1.97825
949 1.69837 3.96098 2.51992
950 2.76523 5.77618 6.25577
951 9.15906 8.56124 6.49592
952 4.05539 0.639766 4.10673
953 9.06442 3.58774 6.2003
954 7.79516 5.41104 0.114476
955 7.36094 8.1919 7.44333
956 2.17979 3.92309 8.47211
957 7.83583 0.314256 9.3953
958 9.0614 1.0484 0.426818
959 3.32935 0.551694 3.43717
960 7.16043 5.82447 5.47806
961 6.37335 5.53015 9.21433
962 3.77496 1.39763 3.50177
963 8.68166 5.91603 4.96024
964 2.13389 4.87318 5.22267
965 1.69753 1.88649 1.57042
966 7.71347 4.20608 0.163037
967 8.021 3.14455 7.48096
968 6.79889 0.852379 4.73172
969 1.52509 5.44812 4.80225
970 3.35269 7.58812 6.70452
971 1.23876 3.46678 7.9644
972 1.24963 5.04856 1.49443
973 0.792861 9.20418 0.474158
974 8.55788 0.290695 4.07513
975 0.721127 2.1524 7.76231
976 0.403037 2.98157 7.35943
977 1.52065 2.51169 8.20929
978 8.67134 5.7134 9.16798
979 8.01467 2.27481 2.55081
980 9.07137 6.42094 5.72795
981 1.33997 3.66338 6.11372
982 7.47281 3.37263 0.574066
983 0.357126 9.20898 6.89119
984 6.71539 1.54469 1.46771
985 6.45747 5.94452 1.32841
986 5.23635 8.16916 4.86185
987 5.88638 0.138619 9.01435
988 6.44014 7.43508 4.04989
989 8.92697 8.01326 3.80524
990 0.837344 3.69369 0.341253
991 7.58904 8.10629 1.98376
992 5.61487 5.67158 6.50754
993 2.46898 0.317998 3.06969
994 8.02569 2.05769 3.77797
995 9.37725 4.00435 0.0253295
996 6.98637 8.13335 3.57585
997 1.56191 2.72389 3.70127
998 0.158084 8.42767 8.73396
999 1.65963 8.27412 4.52925
1000 8.33169 8.92593 6.1519
