2.24399 2.3078 9.07631
8.54631 2.43192 8.67359
4.01033 5.12236 2.14976
6.15492 6.38504 9.27094
2.36829 8.60606 3.93624
6.47778 0.36863 7.70825
1.34014 7.96926 8.63545
4.20864 3.12223 6.81087
2.82907 2.96527 4.47622
8.35864 8.60922 8.6709
0.82792 3.11329 8.94128
7.56733 1.45556 1.9852
8.12555 2.02075 4.87784
3.67511 5.32943 0.0631029
8.71502 3.30005 1.18919
1.87861 0.499826 6.69039
8.4914 3.99084 7.35168
8.14311 7.09546 0.00166983
3.72724 0.921448 8.04473
4.03029 2.50518 7.65504
0.694405 3.03205 2.90455
3.29109 4.625 5.88718
5.92038 2.12027 8.25887
3.22203 6.64146 5.89248
5.97332 1.95432 7.1645
0.192825 0.515777 5.11022
7.22344 8.32204 8.60395
3.55249 3.60289 6.10751
0.50758 4.64207 7.95255
9.2691 2.31999 3.10924
0.354594 3.84622 3.94718
4.11518 1.46741 5.26533
1.84547 3.34693 9.1538
7.24816 7.53287 2.38556
7.91631 8.47835 5.85714
8.96138 6.4703 1.88445
6.23659 3.86232 1.95493
1.73107 9.32717 2.47033
2.26417 7.00971 6.24858
2.11281 0.576648 0.380382
5.84158 0.270328 6.94407
0.553013 7.83904 7.15632
3.28087 1.30351 2.28181
5.69654 2.58624 4.52224
4.39309 1.02563 6.15452
1.15017 7.87528 2.80062
3.25507 6.03439 6.81232
7.63218 4.24768 2.38211
4.11338 4.23535 5.35151
8.98347 9.2867 3.00082
5.48177 5.55808 4.41577
5.16808 2.4888 0.889394
6.52638 2.89404 5.32777
8.43769 6.5122 7.44691
1.28635 2.36748 6.60439
2.62277 4.08798 6.50928
0.0306173 0.419313 6.98904
0.00268879 7.64353 0.306232
9.29146 9.32187 5.9818
9.13071 5.75133 0.169255
6.03466 5.75084 2.02696
0.883086 1.42426 2.04347
3.99119 4.54213 7.83298
4.80214 6.14809 7.96318
3.03212 2.59904 0.211118
5.4071 5.39732 8.50228
4.68199 7.04475 2.66806
2.4792 6.60897 8.35791
4.52213 3.47738 8.84129
0.850416 2.91121 4.012
7.49796 5.2262 8.9115
6.11949 6.82843 1.56009
2.32499 5.72997 1.40945
5.1452 7.10772 8.40417
1.06454 8.37777 4.13348
5.48909 1.79512 3.83685
3.45189 3.88729 7.19572
0.306106 6.06843 1.22294
5.56261 6.45966 2.64555
8.83145 5.77758 3.54856
3.15169 1.88522 3.2847
6.50058 9.28717 1.79123
2.53295 8.06687 4.80286
8.15353 6.07148 9.27563
2.42913 5.16958 2.41142
5.42732 4.44748 0.401114
7.98095 5.53724 2.9849
1.97316 8.07699 5.64346
1.30709 4.67504 0.620642
5.59942 8.95333 4.57143
8.54914 5.67616 6.88931
1.57388 9.11643 8.11736
2.09761 8.87533 0.42662
6.17766 7.21956 8.55589
5.37648 6.32888 3.71661
3.71485 8.4395 7.83936
4.24749 3.77314 1.00483
8.60078 9.22029 1.42437
1.19817 1.18262 6.1428
4.37705 2.05693 6.41735
7.09558 6.67228 1.45688
6.32175 8.05418 7.96791
2.36735 1.11406 3.76042
1.09714 9.13053 0.715991
6.99576 0.403349 6.76421
5.27824 2.76455 5.49934
9.39406 7.23428 1.30707
8.20804 8.16488 7.04124
3.47388 3.82618 3.52818
1.43737 8.08961 6.53376
1.09909 0.845603 0.028663
3.54078 3.31014 2.48334
0.218966 6.95865 7.95895
4.10542 6.197 2.39184
4.9412 0.874313 5.3023
0.921438 8.05854 0.0998726
5.76485 7.0589 6.52463
6.32108 8.86944 8.68524
7.5104 8.44428 1.07146
5.77576 8.89114 2.77298
5.126 8.82909 7.03993
0.18337 1.64607 1.29876
0.995335 1.20093 4.71462
1.76793 6.06116 0.487055
8.70525 3.19017 5.5704
2.28724 5.06667 7.07422
3.54853 7.20343 3.68882
4.9804 1.9236 7.61267
4.47573 6.29845 0.628123
1.75128 6.13783 7.68422
8.68185 0.617938 5.5953
6.75234 5.67518 2.81153
8.09313 7.06315 1.66633
5.28421 1.35621 8.58212
5.56412 2.82707 7.56125
3.23528 8.0467 8.80277
2.873 4.56191 7.708
3.70108 3.36824 8.08756
0.535127 7.36197 4.20234
1.47971 4.81944 4.89127
1.14403 2.60182 0.328526
3.42157 2.06354 6.98756
2.2727 5.96615 6.60941
8.18259 7.55145 6.20238
3.81431 7.06864 6.7503
8.86673 8.25704 2.68142
3.03385 9.37615 7.73785
8.27241 3.44371 8.15129
1.26914 6.51531 1.44668
3.46652 8.48119 5.0457
1.15974 0.378079 5.38081
5.30842 1.62958 0.203004
0.281193 5.10456 0.868921
5.86654 8.10664 7.09993
4.25665 8.35779 8.74497
4.12206 2.67852 0.876279
7.91995 0.993031 6.4692
0.957897 8.93947 7.23771
6.97223 8.37072 5.32535
7.11311 2.02913 8.71354
8.5164 3.80819 2.15637
8.35147 3.73633 9.16617
7.89267 1.62007 8.12556
3.06266 7.50262 7.89851
1.47794 1.15516 1.199
7.34617 6.50667 5.60415
8.96069 8.24813 1.58274
5.84102 3.36198 1.16822
3.70946 5.27987 5.15932
8.77275 7.63566 8.74044
9.17303 4.77131 3.70321
6.96967 8.7984 0.169201
7.43859 6.48674 2.68291
2.15106 2.17542 3.19978
3.9321 0.137614 0.221825
0.564415 9.04007 4.80791
2.05281 1.06563 4.76265
5.26877 8.08686 6.26154
5.14453 6.1754 9.12363
4.37746 8.03533 7.00559
9.03586 4.37832 1.09551
5.78788 2.22633 2.87911
4.33884 9.12394 1.9643
4.66555 3.45132 7.83682
0.620779 3.48193 6.27906
7.11743 5.88411 4.76726
5.58803 3.19024 2.40784
9.21799 6.15299 5.61278
2.8998 2.98079 6.64966
9.04755 5.5453 2.53599
6.20276 3.71263 7.72811
7.52371 5.31218 7.07184
4.49874 8.78908 6.01623
2.84254 9.322 5.35119
8.12401 0.848305 9.33352
5.80807 8.37564 3.64748
1.81165 4.70544 3.80461
2.96353 5.65082 5.84439
1.39934 7.22248 5.69458
4.13521 0.501515 3.72364
4.74661 7.15107 6.4571
1.19858 3.95173 5.51359
1.94799 6.18358 5.63533
5.77397 3.5142 6.11764
9.12692 8.11074 7.84931
6.51193 2.26024 3.67083
6.25861 1.91589 9.21114
7.35556 4.41993 5.59369
6.40716 1.01488 1.58625
9.35323 5.28109 7.33309
4.17519 1.75581 2.69887
4.19804 8.05675 2.26134
3.38186 0.849748 5.92632
8.91863 4.2586 8.29364
1.41574 7.07829 6.96521
3.71061 2.58978 8.81093
6.6845 2.8468 2.51836
3.11842 3.00722 1.36748
5.47916 6.55555 0.765316
7.69816 2.83845 9.02571
2.15306 0.798054 5.748
4.92108 3.6247 3.0487
8.07039 5.96507 2.07213
8.43147 7.70881 0.850329
2.08799 2.55234 5.08634
5.07072 6.24142 6.85511
4.08785 1.32069 1.7123
6.97992 6.4606 8.53135
2.49713 8.525 2.91393
2.18096 7.79379 0.178207
1.04148 5.90445 6.79838
5.68497 7.18437 7.53921
7.70167 7.2407 7.1212
1.00023 3.63705 0.55244
7.94937 5.60546 4.29969
2.84008 5.75143 7.76889
7.49605 2.68125 6.7421
5.14136 8.2726 0.365258
3.17642 6.20744 4.94713
4.05107 0.107431 5.43827
7.22393 3.78276 3.97025
4.73921 3.63433 6.06009
6.17347 8.0527 0.10129
6.82008 3.95397 0.955129
7.69465 2.53243 2.20107
7.92783 5.8311 8.0577
8.50439 1.60942 1.61234
9.10004 6.05241 8.0779
0.695049 6.33757 8.82946
3.2364 9.16254 3.56347
1.55774 8.66888 3.31874
5.39282 4.56421 3.83224
0.213033 6.35365 7.15026
6.49012 1.04726 4.28087
9.13412 0.746153 1.54771
8.05033 5.13178 6.1167
3.51576 8.61593 1.50873
5.52656 0.758819 4.0208
4.52145 5.13805 5.8006
3.9507 8.92607 6.90472
7.63467 3.28291 0.740787
4.5796 2.71657 2.52699
6.37119 2.61312 6.40599
8.11829 4.5921 3.93146
7.83287 3.90233 4.76342
8.49437 4.68444 2.89915
2.18401 0.117088 3.39913
5.57164 3.42207 8.54275
1.66844 6.0651 8.73804
0.132854 1.0174 6.06976
2.32481 2.00228 1.08675
5.26221 2.57986 6.53652
0.462919 5.70279 3.23492
5.44552 8.22351 8.76619
3.32184 7.03561 8.83175
9.21331 6.53 3.0189
8.10554 4.89342 4.96089
2.10982 2.541 7.21539
0.915807 0.321113 1.57574
6.49952 2.89305 8.80116
6.67317 8.05665 3.13012
4.18273 9.06676 3.02597
8.96792 8.98793 5.04702
3.77296 9.28168 8.54749
3.59779 5.68824 1.09707
0.825898 0.206514 6.42359
4.02976 5.59359 4.23361
1.2188 2.18148 1.44055
6.12308 3.20779 3.22294
1.93962 7.69721 3.46367
2.80265 0.102052 6.33782
2.15167 3.2466 5.93919
4.06719 0.678144 2.76762
1.37079 7.05303 9.29551
4.20192 2.7667 5.6408
5.90934 4.67472 7.84925
6.45555 5.52107 8.8756
2.94478 6.38269 3.58052
8.0509 8.14998 2.02101
6.90209 3.81472 2.91351
0.330503 2.64145 7.01659
6.56181 8.70415 4.44356
4.19281 6.11862 6.23695
7.40843 2.81697 4.86123
3.19879 0.765641 8.95096
0.0931254 7.0779 5.22111
6.7637 7.71427 1.39886
5.58551 1.32768 2.35571
3.373 4.9494 6.88837
2.49881 0.233565 4.34344
4.58358 0.724887 0.61977
0.371308 2.45445 1.99046
7.2009 3.55732 1.84807
5.0226 4.28569 8.37292
4.49981 5.42035 6.88387
2.5852 0.431619 2.27669
1.64265 1.67758 0.391551
8.9777 6.6239 8.94964
1.02986 0.557101 7.37311
7.98152 0.334788 3.27984
3.83129 3.21134 4.42116
0.0210113 8.42517 8.85501
3.48255 8.20158 3.12509
7.25169 4.71316 1.4909
6.64536 4.78776 2.29471
9.34662 8.82616 7.06972
3.6396 6.61797 7.67281
4.26751 3.9794 2.20105
1.10017 3.28564 2.02643
3.39579 1.93237 0.979114
2.84117 3.16796 8.7046
1.23231 2.14084 8.74258
5.67266 5.29506 3.03338
3.34356 8.08393 6.90457
4.85124 3.16134 1.61122
8.42664 6.9057 5.4152
5.91282 6.32851 8.2455
7.45461 1.27986 4.46951
7.16164 7.38804 8.19877
0.563331 6.38489 2.25512
0.127419 9.02621 1.87227
4.58797 7.03139 7.48472
2.03851 4.25376 2.91567
5.31006 0.302855 6.11719
8.69592 9.16606 4.0409
0.423063 4.1029 8.87746
2.71676 5.36164 0.575645
4.82946 2.59028 8.31457
4.56394 2.38795 9.368
5.69478 7.34567 3.31514
7.68181 4.39134 0.366837
3.69335 5.98133 8.55411
0.78553 2.22453 4.8306
1.45243 9.27842 9.12239
7.54495 4.37222 7.5162
0.172542 5.45719 8.78668
7.07791 8.48648 1.99324
6.42862 7.14692 0.550846
3.03379 1.68886 8.54737
5.94701 4.51226 4.75664
0.9477 2.1055 3.44151
5.43319 3.46935 3.98431
7.15168 7.39732 9.18051
2.64395 1.01474 1.25301
2.16653 5.11733 8.2224
7.05078 5.60674 6.09395
0.848427 4.2823 2.54169
2.59517 7.97332 1.33261
6.73519 2.60009 7.55245
5.82755 2.44915 1.71
9.31962 8.15234 4.42701
1.5089 4.31654 6.4896
5.46078 0.607957 9.38771
6.19269 6.25654 4.24438
6.32898 6.19927 5.39014
4.2759 1.6815 8.52346
1.12097 5.11766 8.58969
6.05027 8.28784 1.98471
7.80923 4.27017 8.51802
8.47799 7.29003 2.87622
2.04207 1.21091 8.93101
7.20109 6.0013 3.72804
6.67729 4.63373 0.161917
7.14887 0.555037 2.28768
4.95987 9.22899 0.78277
8.72042 0.848329 2.77072
0.318199 0.529962 4.09616
7.4916 0.0374101 1.46171
7.72264 3.44623 5.63978
3.85288 4.87264 3.4115
4.6642 9.01439 7.98504
7.94138 2.47512 5.84859
3.81147 7.70218 1.28034
0.495335 4.50832 6.77483
7.21245 8.22578 7.48145
2.96741 2.83666 3.40657
6.04946 3.65362 0.194103
8.77332 5.57443 1.36686
2.10816 3.23471 2.7874
7.71729 8.23888 3.0024
5.60735 1.52349 4.77676
8.59991 2.08339 3.85808
1.17546 5.49486 1.20721
6.41516 7.60652 4.01463
2.14271 9.14498 7.24201
4.86642 1.95983 2.00725
5.46167 1.43791 1.29213
3.40232 3.92917 1.64892
1.87803 2.88502 4.00795
0.0869578 3.62694 7.36594
5.80078 0.408813 5.18346
7.11844 0.257537 4.09143
3.94429 7.62508 9.36945
8.88385 3.72155 4.69284
2.10474 2.95654 0.697063
7.1054 1.64713 1.01928
0.887365 5.99975 5.7121
5.46148 9.08291 1.75478
8.11103 3.17856 4.01738
1.52345 1.69671 5.388
5.98987 8.04625 5.0049
4.10551 3.00732 3.44014
0.11924 3.51014 2.06242
8.07002 0.0568972 4.88518
2.66406 2.02561 4.26894
8.91913 1.25279 0.592723
6.42212 5.22395 7.08523
3.46337 8.72783 6.01644
3.14861 7.34123 0.537338
2.48595 7.1881 4.07884
8.59625 1.00499 7.34942
5.72705 1.12836 7.72935
3.52325 0.562986 7.06405
6.37152 6.03506 0.921664
1.40695 2.32736 2.5329
8.9226 2.28494 0.920959
8.52385 5.18716 8.71699
7.45327 7.20992 0.751922
4.89233 8.25928 3.14396
1.55549 5.8145 2.19724
7.23013 1.81901 2.9238
5.99111 4.2313 6.90136
3.25574 5.06224 8.51614
7.75823 6.23757 6.55436
4.38708 0.674404 8.85503
6.81287 4.49153 8.30142
2.83086 6.48558 1.03214
6.50286 8.88601 6.97138
0.429649 0.665716 0.78505
1.48319 4.27676 9.06057
5.8208 8.89829 7.81825
6.73444 6.61063 6.48991
4.93954 6.4873 1.75599
4.68051 7.15181 3.68476
6.66793 5.07552 5.26081
7.30147 4.83356 3.38626
6.26892 7.33813 2.43504
0.737206 6.98076 3.2246
0.956545 7.2355 0.830501
7.98465 1.82767 0.342331
0.769895 4.64467 3.71417
3.0653 8.08245 2.21187
1.8754 0.0920866 1.39857
8.89277 4.65915 6.55807
8.17073 7.77545 7.96979
7.43628 7.30629 3.47385
6.1624 1.21329 0.572798
8.53218 8.15273 3.77417
0.348561 2.7911 8.02592
0.340356 2.16549 5.95543
2.19439 8.53618 8.8384
5.26994 6.61241 5.72886
8.91487 1.98316 7.73098
6.68289 0.279867 9.26199
2.94543 1.2875 7.54788
9.19074 1.70703 6.75469
9.13895 0.100665 8.37449
0.93047 0.294259 3.22046
0.24274 6.65489 0.323368
5.88624 5.977 6.28832
3.91606 6.73263 1.45665
5.25042 7.79206 4.29928
5.33637 5.40897 1.19299
7.96851 4.06694 1.29089
8.43454 5.00286 7.66626
1.67845 1.94201 4.29261
0.601927 5.58341 4.84328
6.44968 3.18961 4.22579
0.633236 8.75839 2.82648
9.05149 7.13737 3.79211
6.54725 6.74054 3.28219
2.00596 7.10598 1.06067
8.7176 6.64658 0.713848
5.74615 3.56832 5.00158
2.15812 1.65966 2.14528
2.82869 2.35625 2.44411
7.22192 6.42438 7.48454
6.29228 0.996142 8.66273
4.3473 2.01744 3.69628
4.46102 4.27902 0.117517
7.07091 4.56863 6.59846
9.214 3.94529 3.02026
2.32412 7.64458 7.14679
3.28797 8.1356 4.10086
7.07413 3.75885 9.20429
2.22676 4.3552 5.56341
6.25559 9.38693 5.99734
4.87001 5.45308 3.55825
3.84339 3.28126 0.159073
5.61467 4.76711 2.05095
4.5892 0.355039 6.92504
8.74915 8.51181 0.294629
0.442226 7.45114 8.8124
1.27066 5.16372 2.9578
6.59294 7.34901 5.67897
2.37142 6.28896 2.63146
7.89853 2.37717 1.15884
1.25485 3.32072 7.12542
3.09609 3.83107 5.17316
2.03093 0.67697 7.76219
8.46399 4.19366 5.69753
4.29651 4.95332 8.73023
2.81111 7.32589 2.98322
9.35941 3.59718 0.293189
8.90449 2.58865 6.33161
4.78308 0.790189 7.92146
8.42475 1.0765 4.67611
5.37718 4.99594 6.47351
6.81278 3.56748 6.08324
5.45259 8.76536 5.56103
8.09994 8.33639 4.71365
3.15159 5.99116 1.9571
4.28048 7.58925 4.58695
7.30477 7.93 4.25689
8.27488 0.540068 8.27333
1.51014 6.8565 3.95553
0.126376 1.04768 7.96115
2.3431 6.96038 5.13433
1.93931 9.11964 5.84844
0.148379 0.868817 9.0751
6.2187 9.34531 3.70158
0.718718 5.82931 7.89598
2.91703 9.17439 9.34104
8.76682 6.44867 4.51973
7.19915 6.39591 0.190913
1.67011 5.33495 5.98877
8.14069 5.88788 5.46726
0.656822 8.59643 8.09806
2.57794 3.39771 7.66234
8.85384 8.43758 6.18736
7.04646 5.72926 1.79163
2.36019 4.43616 0.964039
1.65967 7.64623 4.63096
0.735085 4.26865 1.46265
7.03269 9.10069 2.8786
1.76791 8.86371 4.87224
2.40087 6.7516 9.37449
9.15829 3.13907 3.65717
2.63703 6.6529 7.32555
3.58815 0.464669 1.74412
4.64464 1.27443 4.35482
9.37212 9.07675 0.843238
4.49377 3.956 3.99353
7.03761 2.01686 5.63247
8.46793 2.9877 7.15396
5.02419 0.320337 2.53973
8.94436 5.42579 4.54829
2.87061 3.64938 0.416753
9.01311 2.64786 4.6289
6.25984 4.94397 1.16757
2.05255 3.54323 4.91056
1.58157 8.17566 0.997283
6.66286 1.4617 7.77426
6.64156 2.06381 4.71419
7.70918 1.12585 5.47282
2.44161 4.43186 4.55091
4.95253 4.56269 7.36144
5.34098 7.59617 2.10298
8.79724 0.745225 3.76102
2.24027 6.11214 4.39604
7.53477 1.02205 7.39649
4.9981 3.37256 0.389445
0.0893437 2.56504 0.0639915
0.27682 4.60723 4.72305
2.31492 0.235502 8.67477
4.78645 4.73317 2.80355
4.78463 8.25724 1.37744
8.09285 6.84956 8.40646
3.43845 4.47487 0.729147
6.19476 6.19814 7.27009
6.92164 5.53489 7.99348
7.15075 2.39603 0.336754
7.55961 2.20295 4.02691
4.73854 0.137116 4.58046
6.6094 1.92598 2.05782
8.9906 7.46123 7.0855
7.31465 2.88164 3.28329
9.15219 1.5869 5.25993
4.79964 0.637695 1.60487
4.31008 6.66734 9.07178
9.25775 1.49568 2.28583
3.67908 4.55168 4.39051
1.2725 3.93037 4.39974
5.52602 2.63136 9.19575
3.12797 8.32443 0.491603
1.74798 1.46743 7.10589
1.86121 2.91711 8.17518
8.50196 9.10609 7.62427
4.71491 7.28228 0.811048
5.21156 1.16741 6.75883
2.96354 2.81139 5.51277
6.83288 2.75167 1.38865
5.73444 7.73382 1.03235
1.25863 1.14973 3.70169
5.95835 9.03325 0.267383
7.20296 3.40771 8.17398
3.8524 2.33196 1.84828
6.73347 7.34468 7.26356
3.58847 3.98332 8.94128
1.10601 3.71539 8.14275
6.18378 0.484434 2.65497
7.14755 4.67312 4.47272
2.59277 7.10647 1.91287
4.55071 8.5705 5.04295
7.4562 9.35619 7.83985
9.01685 3.6326 6.41217
9.18236 4.61683 2.14415
0.706701 7.95005 5.11392
7.81135 8.10556 0.140724
0.545154 1.69842 0.229524
1.46143 6.15563 3.20144
5.14591 4.1564 1.353
2.27388 5.37978 5.13786
8.49607 1.59446 5.9407
3.69961 7.19288 2.43515
5.00805 8.01297 7.83266
4.80298 4.87898 4.71717
8.7384 0.0480337 9.32505
6.33886 4.10293 3.77914
5.93391 4.54334 8.88179
7.8112 2.56061 7.92639
4.88279 1.20403 3.27765
7.14393 1.21079 9.3808
4.62632 2.41875 4.67403
4.71562 3.47657 4.93156
5.40474 5.46198 7.41097
8.34051 5.14478 0.484385
8.00757 1.34041 3.50931
1.19648 2.78692 5.64659
6.80422 0.358339 0.871008
6.11829 4.41575 5.93444
7.08975 6.86751 4.56486
3.87687 5.53068 7.68765
5.77977 5.43769 0.259179
1.88536 5.14132 9.36223
3.01722 5.37426 4.34385
3.29821 7.34155 4.88908
0.74426 0.346867 8.43392
9.04881 5.08883 5.51405
0.230718 0.523952 2.42842
1.66825 3.79005 1.29667
2.58329 8.43374 7.80345
7.97514 9.18641 0.534648
0.190078 1.96962 8.61719
2.75939 4.57507 9.25237
2.44127 4.15277 1.93154
0.200704 5.49904 6.37015
4.1931 6.81289 5.51302
6.98873 1.67979 6.68754
6.17543 1.02615 6.31136
8.07333 7.27853 4.40579
6.68948 3.8894 5.06162
6.24864 8.29111 6.02352
1.88539 4.1424 7.43688
1.3524 5.62956 4.13498
2.89652 4.75227 3.61374
5.74248 0.401285 1.00979
0.38886 3.123 1.17093
4.21921 1.36121 7.2887
0.589614 6.81285 6.30022
3.19443 0.797715 4.90317
4.24519 4.93898 1.11851
6.46789 8.59622 1.05286
6.19838 1.27628 3.24639
7.83187 3.85257 6.58155
1.24137 6.97497 8.26121
5.63527 5.28459 5.48894
5.46923 7.20842 9.37581
8.17741 1.94514 6.91109
0.691719 5.1763 2.01828
2.68417 5.74805 9.03805
8.35762 2.88371 2.93338
1.53296 6.92944 2.45367
1.1707 8.62835 1.86649
8.50706 0.0619081 6.59508
7.16344 7.98419 6.45867
0.361256 9.32251 9.3518
6.93369 3.54778 7.10169
2.44682 8.45109 6.50468
8.35822 1.8577 2.64286
0.257252 7.45678 2.38461
1.34907 0.122024 4.18137
4.48309 1.69808 0.816527
6.41487 5.25395 3.89782
4.79939 9.10879 9.13427
1.52884 8.00528 7.56953
2.42461 2.22755 6.18109
3.16127 0.704199 3.16816
4.28574 4.43562 6.50445
3.97894 6.62627 4.4713
8.69331 1.44799 8.81575
0.941191 5.55649 0.183368
2.40825 3.76846 3.77721
7.58378 0.207005 5.87428
5.03789 7.62308 5.36584
0.700037 1.48487 7.12411
4.27508 8.45012 3.95358
8.82953 7.8717 5.39958
3.73884 9.31169 4.45552
6.0238 7.07345 4.83808
3.0815 4.94839 1.55636
2.9673 7.81108 5.86093
3.73987 1.69327 0.01885
2.77591 1.51502 0.241958
7.61596 8.92392 6.7748
9.12282 4.63541 0.0448684
5.52991 0.205784 8.50502
3.0198 2.49554 7.75721
3.60606 1.50017 4.20651
4.07211 7.77924 5.96164
1.33051 5.03018 7.33242
4.1091 7.44117 8.29929
3.29762 9.13375 2.52907
0.552563 8.20223 1.10935
4.07123 6.33376 3.44899
1.13893 7.48994 1.72354
2.27392 5.53783 3.49831
0.395715 7.91535 6.17373
1.23179 1.31797 8.06346
1.68121 4.82972 1.69557
7.67655 8.8112 3.86102
3.55675 2.28939 4.87854
7.84426 6.19387 0.995452
5.79234 4.23607 2.87818
3.30658 4.41801 2.61206
6.6161 1.10986 5.40087
6.86448 9.36974 5.11347
4.13552 8.53353 0.617026
8.15589 6.54858 3.62644
7.08389 0.793699 3.25587
0.437665 3.32471 4.95222
9.11478 3.25272 8.69957
7.24798 0.77158 8.4128
7.9562 3.80369 3.23062
3.47864 6.3351 0.187165
2.25239 4.11199 8.4682
0.825603 4.8781 5.66998
0.0903187 4.02079 5.59965
1.2799 3.75649 3.36835
2.12622 2.6869 1.79164
3.62741 0.959544 0.774275
8.21905 4.96838 1.95246
8.48504 2.88819 0.253528
4.59463 5.98244 5.08208
2.26244 7.62371 8.49584
0.127584 1.59102 4.05849
2.71652 1.22701 6.55245
6.21274 2.52382 0.616333
5.15704 4.34207 5.47526
1.98019 7.92468 2.19779
1.73069 0.855924 2.81776
7.64073 7.60315 5.30141
5.02198 5.61684 2.29723
2.93078 0.0423678 1.01795
4.77292 5.32896 0.184724
8.72552 6.5935 6.39549
5.00724 6.80887 4.65603
0.246937 7.95863 3.38531
5.10232 2.62799 3.46266
5.07544 1.74823 5.77878
3.38828 5.62742 2.97734
2.15944 1.89034 8.05062
3.37093 1.89602 5.98952
0.267576 8.9628 3.7843
7.16606 5.44842 0.637632
0.43465 1.26311 3.11306
0.97922 8.77147 5.78231
7.90502 0.937786 0.930315
5.12809 9.18455 3.59372
8.14894 0.675332 2.00904
8.05567 9.0857 2.43192
1.18974 2.33442 7.65245
5.23961 3.61274 6.96086
7.59018 9.37374 8.89173
0.409186 6.34174 4.13295
1.2101 6.53046 4.94002
8.7136 2.60992 1.99094
2.6897 1.65038 5.34147
6.01836 2.02656 5.57441
2.51629 8.85116 1.84418
1.29926 3.03601 1.10337
0.679542 1.4259 5.5433
4.65064 3.02062 4.11482
6.05148 3.21585 6.94308
7.42247 5.20511 2.2917
9.15172 7.43202 6.10306
4.15665 3.99979 3.11157
3.86447 9.30623 7.67706
3.01611 3.91181 4.28466
6.51975 4.788 3.17859
2.00379 0.217343 5.0964
7.83725 1.60031 8.95819
3.8721 7.5312 7.48478
1.85057 3.96753 0.4229
5.12431 4.02285 2.23827
4.78524 4.91719 1.90578
4.6625 1.10771 2.34389
7.19853 0.836885 1.48708
3.88539 7.01904 0.603491
5.28646 3.92854 9.13215
3.26395 0.698745 4.007
2.95761 8.87748 8.45261
5.60019 0.440683 3.29154
4.5714 1.31262 0.0293805
5.68297 1.83435 6.42003
5.07511 8.51875 2.24972
2.73745 0.891103 8.27598
0.142149 0.470622 3.28696
8.83613 2.82578 7.96102
0.124595 2.9711 5.6829
7.83562 8.58463 7.95743
3.91725 3.23602 1.68506
1.4851 4.47837 8.09827
6.93012 5.89478 6.863
5.12249 7.60001 7.02185
1.08156 0.492338 2.41801
6.29136 5.18064 6.17132
3.57489 2.45529 4.02374
5.07252 5.81 5.95273
4.37677 3.85957 7.14961
8.88181 0.388346 4.61374
3.00636 1.9838 1.68676
5.79418 8.02615 2.76137
4.75845 5.21485 7.9947
3.66581 8.74805 9.28167
0.500097 8.70146 6.47162
0.748277 4.81189 9.25218
5.61604 8.56291 1.05694
6.18109 5.57903 4.84507
0.593961 1.97325 2.64711
2.12522 6.80744 3.3651
0.192272 5.42557 4.0988
5.20935 4.10132 4.55828
2.94696 0.666928 0.368537
4.14899 0.13958 1.0716
7.09602 1.07582 6.08937
7.41801 8.87015 4.72649
0.992059 6.57487 7.51773
8.45174 3.9289 0.613771
4.29712 5.51444 2.92624
5.40559 3.93018 7.72957
2.68983 8.57418 5.5641
3.68677 0.178901 6.30451
8.79943 5.60184 6.12406
3.65205 1.8041 7.99639
7.14134 2.7547 5.91739
8.31507 8.53097 1.05121
7.3683 1.9435 7.38939
5.75078 7.43357 5.74734
4.48831 4.80231 3.95517
2.16136 5.24141 4.33401
4.93813 0.0106764 5.40165
6.26694 0.277347 4.51628
0.154643 8.54547 5.48141
4.69516 7.69937 9.03005
1.85429 0.790996 1.92817
7.93466 0.608999 4.11557
2.54405 3.62031 1.20752
9.2036 4.45951 7.39555
1.64026 3.94355 2.15788
6.52967 6.74855 7.80709
0.254777 3.71447 8.18823
8.35512 9.19821 5.67432
8.83865 4.51881 4.45684
4.75 2.67222 7.3007
6.58466 1.02386 7.09471
1.89986 1.51984 6.27974
8.28293 8.8223 3.27438
8.10804 4.60313 6.90146
7.67291 1.77497 6.22383
6.56492 6.43864 2.35229
2.66921 3.37557 2.15687
6.74284 8.86375 7.97313
9.00221 1.50866 3.21918
3.77778 6.06897 5.4842
6.72324 7.69377 4.89754
3.47039 2.99192 7.24174
2.54885 1.17384 2.72749
0.925926 4.07736 7.41217
5.49179 6.17466 5.00676
3.81019 1.26956 3.35008
5.08342 4.79586 9.06677
2.7559 7.97076 3.52834
8.80544 2.06255 0.116665
3.63476 3.2606 5.23513
5.71937 1.15033 5.57332
1.45813 5.6882 5.11884
1.47876 9.06099 6.58982
8.73819 2.31979 5.4152
6.33067 3.81506 8.65556
4.68177 6.2147 4.17462
2.14849 3.45798 6.92385
5.99509 4.20556 1.19487
2.53345 1.86635 7.06583
2.58756 0.499039 7.12565
3.01457 7.3497 6.61384
0.241184 8.52694 0.29378
7.7419 3.52327 7.45002
5.75958 0.530433 1.92055
1.49716 6.46506 6.31415
8.36096 6.40938 2.72055
0.688549 7.72841 7.98071
6.66237 4.33624 7.39162
3.09259 3.93301 8.23645
2.99219 8.94576 4.52819
5.34863 4.17417 6.34855
8.20607 3.0854 4.87609
3.63015 2.71636 6.34713
7.63105 3.36443 2.55236
6.23421 8.83132 5.29068
6.11001 5.56834 7.91187
0.895797 8.69414 8.91206
4.95313 2.01476 2.90825
2.06299 6.48426 1.78684
7.41653 7.12529 6.26346
4.11288 7.6518 3.36007
4.55022 7.31316 1.82743
6.24333 1.85678 1.24786
6.97226 7.96595 0.61014
6.37158 7.68211 6.61585
1.09151 5.1416 6.51124
2.53914 4.95788 6.23967
6.66333 1.22145 2.55467
6.57018 7.89114 8.8148
1.9881 7.10874 7.77277
3.66231 1.32635 6.61315
6.71407 3.18583 0.550631
8.83426 0.0873432 2.1641
2.89142 3.6734 2.97788
2.92275 4.79481 5.16561
8.78384 0.973251 6.48603
5.72957 7.04737 4.10757
1.57237 0.614748 8.52887
8.80105 7.5117 1.89698
5.67937 8.87943 6.41639
4.41858 5.78744 8.97598
8.83783 0.448748 0.74291
7.47977 0.423103 0.348275
4.32964 5.82033 1.54389
7.53218 5.31526 5.37105
8.78734 7.16072 7.9324
3.74521 2.48175 2.78162
8.19826 3.10751 6.31922
3.79362 5.34878 6.24822
4.03228 0.731306 4.69333
7.64877 4.99106 8.10845
7.75526 5.47204 1.31019
7.87439 1.02086 2.75787
7.85138 6.41945 4.82913
7.88235 7.70704 8.80417
0.520162 1.88326 7.84098
0.982526 6.30852 0.626912
1.3684 1.58116 2.97937
7.36844 0.60254 4.92784
0.328745 9.38519 7.7041
8.03174 0.310994 7.25454
3.06667 8.91692 7.00046
9.1238 5.12109 8.13454
7.98647 3.21227 1.60678
1.14576 7.61968 3.7231
1.32338 2.97441 4.72259
8.62807 3.83047 3.78416
0.732593 1.34948 8.79667
7.02075 1.60582 3.69168
3.23446 6.54126 2.77385
4.86559 6.21597 2.96365
5.23147 0.211354 7.52995
0.213579 4.81472 2.93048
0.510918 8.18826 2.03835
1.89963 5.22888 0.849691
6.83313 8.6807 3.66627
4.20626 6.19678 7.15928
1.42607 2.77123 3.22991
0.170546 2.44758 4.00647
0.394532 4.26496 0.590641
6.07986 6.00465 3.3516
9.18724 3.04961 2.69659
7.54713 7.75108 1.54373
8.87238 7.4276 4.6487
6.99911 8.89427 6.16712
