3.98216 4.20958	-0.23221 0.405462
2.97707 1.34908	-0.157852 -0.301439
4.29237 2.4979	0.0986502 0.0897059
6.17127 -0.0016275	-0.250461 -0.879143
0.591045 2.68212	-0.172064 0.309277
5.0468 0.525518	0.0705468 0.118418
1.59535 2.86682	0.159405 -0.39698
2.75466 5.16414	-0.748326 -0.860105
1.62596 0.0479088	0.0533625 0.295141
4.99716 1.6564	-0.149549 0.373274
0.306537 1.72723	0.63048 0.0450465
3.91008 27.7438	-0.424739 -0.501216
3.29682 2.30696	0.533292 0.0277099
0.904519 3.65018	0.029775 -0.167111
4.64779 3.43792	-0.763657 0.233182
5.37344 5.36031	-0.605205 1.1559
0.447431 28.8032	0.595563 0.807358
4.31255 28.639	0.267555 0.0492715
3.9856 1.47653	-0.0154499 -0.300598
5.66817 3.65262	-0.106626 0.374317
6.47881 2.92852	-0.291344 -0.587278
3.58218 3.29909	-0.091975 0.188619
6.62618 7.06172	-0.626835 0.0587959
4.98805 4.3975	0.53766 0.00240816
1.30377 1.8825	0.491289 0.162017
5.86925 27.835	-0.13967 -0.81754
2.59027 3.06596	-0.274183 0.555807
7.0548 4.66028	-0.294544 0.452874
2.95276 4.1865	0.401185 0.648421
6.02613 4.61709	-0.572993 0.908186
1.9275 3.80951	-0.00805626 -0.280736
1.85805 4.79204	0.337067 0.683932
3.45884 0.446871	0.765361 0.0888117
0.398839 4.92301	0.000307457 -0.321769
2.29012 2.08068	0.340055 0.814363
5.99987 2.01478	0.142538 -0.742185
1.94929 1.06919	0.0619629 -0.0680417
0.94372 0.895159	0.871407 0.250732
5.89467 1.04751	0.359237 -0.548564
5.29692 2.68364	-0.196451 0.76961
4.36967 5.16499	0.612085 0.957683
28.713 3.37759	-0.666132 -0.150995
5.65441 6.30277	0.686543 0.0868684
5.4728 10.5685	0.0360764 -0.656057
1.3092 9.85527	0.307993 0.0416479
28.7858 12.0721	0.543336 0.267413
5.21084 8.878	0.0877451 0.0328942
0.497257 6.95081	-0.306077 -0.302315
3.90863 13.9257	-0.662441 0.981922
2.85372 7.57603	-0.504308 -0.697147
3.02769 11.8225	-0.203844 -0.447703
5.89609 12.2645	-0.389674 -0.128365
0.630876 5.94036	-0.433154 -0.0712775
1.54127 12.719	0.271315 -1.09005
1.83318 7.82954	-0.338955 -0.130664
6.88747 11.8697	-0.0427113 -0.212482
0.597656 12.9383	-0.425689 -0.298314
4.19352 9.07448	0.333848 -0.836033
5.5899 7.97548	0.0199362 -0.4174
3.85494 10.0574	0.190931 -0.29877
28.1996 10.4361	0.205004 -0.630708
28.2193 6.99805	0.0132778 -0.12902
0.337183 10.1221	0.161678 -0.230753
6.55662 13.9857	-0.996484 0.576672
1.31077 10.8729	0.161108 -0.307573
6.50593 10.4176	-0.607334 -0.498466
2.8473 10.2595	-0.416818 0.243595
2.11311 6.81754	-0.185633 -0.207266
0.258234 11.1248	0.376574 0.252856
1.48303 8.76739	0.132824 0.409353
2.54823 8.53828	-0.357045 0.486215
4.11472 11.8193	-0.862421 0.42653
0.235822 13.851	-0.139952 0.781161
3.50237 10.9975	-0.0479143 0.266688
6.79766 9.44859	0.1621 0.621095
4.57195 8.10091	-0.430687 -0.437911
6.11467 11.3006	-0.312251 -0.246502
4.90226 7.12382	0.347824 0.13942
2.21723 9.48626	-0.00239394 0.656046
5.84294 9.62348	-0.612736 -0.638925
28.7125 8.43211	-0.445163 -0.226059
2.98607 13.4945	-0.519544 -0.0654733
0.577889 9.13807	-0.0921751 0.236853
0.779958 7.97805	0.226351 -0.859896
3.5888 12.6802	-0.283436 0.557885
3.5614 8.31358	0.0317262 1.00466
3.57652 5.75728	-0.269027 -0.411749
4.72016 14.6738	0.504192 -0.958733
5.18079 11.5866	-0.468381 0.543297
4.83612 9.81603	-0.0725289 -0.30181
0.956779 11.9603	-0.196869 -0.115729
1.83092 5.78164	-0.610816 -0.198638
4.49652 10.8716	0.267524 0.35499
3.89166 7.35735	0.046059 -0.311523
2.00053 11.7067	-0.806091 -0.193384
3.14974 6.6578	-0.149268 -0.292215
1.30372 13.8121	0.374545 -0.213982
3.18719 9.32465	-0.00421713 0.484834
5.78617 13.2483	-0.00829719 0.281996
2.5179 12.6451	-0.313695 -0.265848
4.90452 13.7029	-0.519959 0.879188
28.4392 13.0118	-0.288859 0.473396
2.27549 14.1765	-0.302048 1.4171
4.88495 12.5764	-0.0938806 0.387433
4.69568 6.13762	0.379851 -0.295527
3.35083 16.0351	1.06013 0.241956
2.76143 15.2007	-0.12291 -0.721382
0.762882 18.7741	-0.24306 0.0221849
4.36367 18.6244	0.168095 -0.0119214
2.42211 16.557	0.590768 -0.656368
1.16954 15.7709	0.324711 -0.0889821
0.732582 16.688	0.372162 -0.01666
6.27931 22.4766	-0.667145 -0.0098535
3.32308 17.1552	-0.428164 0.0202891
5.18445 16.2393	0.577094 -0.227763
2.52968 17.7078	-0.498947 0.103044
1.5957 19.3608	-0.205037 -0.0361815
5.73283 21.6461	-0.188548 0.199768
6.75971 15.0484	0.675868 -0.120714
7.5264 14.4188	-0.396397 0.673046
4.32084 15.6176	0.24793 -0.151622
6.17209 19.6693	-0.12129 -1.13856
6.24584 18.5855	0.184619 -0.259812
6.11964 15.8399	0.0455839 -0.416165
2.00014 20.6962	0.176546 0.878177
0.611664 19.7756	-0.453703 -0.0224711
2.56423 19.8348	-0.384018 -0.384464
1.616 17.2789	0.556194 0.363367
1.70781 14.9793	0.391164 -0.473336
2.50326 18.7966	0.564927 -0.0867398
4.24013 16.647	0.305568 -0.159145
5.16997 17.2228	-0.247688 -0.122948
0.80525 17.742	0.357555 -0.357554
3.40757 18.2054	-0.0710312 0.00798236
0.745508 14.7283	0.135041 -0.0439979
6.10626 17.5911	-0.132595 0.714473
5.31587 19.1506	-0.394552 0.362808
4.416 20.7096	-0.504169 -0.106576
3.54115 20.1958	-0.3184 0.208749
5.31228 22.5994	0.200819 -0.172306
5.23809 20.1398	0.103492 -0.121897
5.80249 14.8597	-0.444543 -0.0696989
0.0910409 21.434	0.281567 0.123763
4.35766 19.6459	-0.102292 0.303506
5.26311 18.1684	0.0970109 0.677622
0.942362 22.048	0.0113796 -0.0641718
1.67022 18.3024	-0.473552 -0.779031
28.6197 18.9832	0.726161 -0.279717
4.24839 17.6202	-0.613103 0.159983
4.04762 21.6494	-0.13088 0.0514089
3.43171 19.2096	-0.451339 0.311604
1.06301 21.039	0.59883 -0.134505
3.6966 14.9007	0.172061 0.158839
1.01065 25.371	-0.196819 0.103962
3.93572 25.9542	0.295082 -0.117941
5.457 26.9495	0.317474 0.0872449
4.44274 26.8693	-0.043305 0.221751
3.04131 24.1226	-0.1898 0.0380862
4.97689 26.0366	0.453511 -0.613205
2.03018 24.0085	0.520239 -0.050096
2.60118 28.6099	-0.419271 0.4758
5.57388 25.2359	0.16189 0.730813
1.72016 22.7702	-0.341361 0.19712
4.07867 24.2119	0.0823922 -0.172366
4.30955 22.5585	0.314882 -1.04876
2.89353 21.4811	0.195577 -0.160527
5.07281 24.3611	0.252059 1.2896
0.14791 24.8453	0.146645 0.663695
2.91967 25.912	-0.233808 0.336121
2.38938 26.8293	0.401283 -0.613523
6.43283 27.0308	0.257282 -0.52643
0.440238 26.5113	-0.0628723 -0.179782
4.70342 23.4379	-0.253039 -0.122527
1.03127 24.3359	0.234869 0.216458
2.47196 24.9731	-0.0546086 -0.437789
4.49085 25.1406	0.299571 -0.503098
4.90694 27.7998	-0.649831 0.79273
28.4717 22.9782	-0.0223223 -0.257203
6.0101 26.1152	-0.185133 0.408627
3.31593 22.3799	-0.14321 -0.134382
1.93366 27.8113	0.0953539 0.761787
0.138903 23.85	-0.348797 0.163117
0.970418 28.004	-0.438562 -0.498361
7.00539 26.1831	0.586696 0.158436
3.48878 25.0383	-0.0331241 -0.410745
2.92006 27.6917	-0.196313 -0.100253
3.44175 26.8126	-0.562288 -0.0694018
0.669696 23.0069	-0.678762 0.0509521
2.63224 23.1755	0.308582 0.0900738
1.90595 21.7113	0.112996 -0.990287
3.6519 23.2986	-0.105405 0.104854
1.3489 27.0175	0.590628 -0.159306
1.93677 25.853	-0.757067 0.892648
7.89167 0.187307	-0.0702505 -0.0423881
10.3727 27.3373	0.195866 -0.360666
13.3594 28.6749	-0.217188 -0.517276
7.05397 5.67729	-0.219525 -0.711908
13.0802 4.78937	0.411271 0.721709
9.53391 27.822	-0.700543 -0.200817
13.8998 7.16599	0.137342 -0.481413
12.4509 1.29692	-0.432969 0.525676
11.4936 28.7604	-0.0581003 -0.75217
9.70835 1.07364	0.0449664 0.507416
8.15851 4.08847	0.198149 -0.308146
8.77961 0.618265	-0.426539 -0.4441
6.90545 0.822845	0.0340516 -0.104735
14.231 0.33076	0.581947 0.589103
12.0093 6.30127	-0.427706 -0.402014
9.70401 3.18691	0.220013 -0.622026
14.0321 1.89684	-0.467726 0.303354
12.7266 3.11793	-0.0166426 -0.357157
13.4213 0.970682	-0.694818 0.287756
10.2267 4.12035	-0.535884 -0.618613
8.74956 28.4424	-0.0407013 -0.264339
10.5804 0.536858	0.311151 0.358409
9.77758 2.04914	-0.0821348 -0.0680224
12.4204 28.0012	0.719608 -0.0406399
13.7021 2.86528	-0.135249 1.10815
12.3297 4.11172	-0.299253 0.968723
9.28365 6.40946	-0.260704 0.76541
12.849 5.72966	-0.458648 -0.678008
10.6863 5.03026	0.478123 -0.917991
11.0847 5.94954	-0.109554 -0.490352
10.7765 3.33232	0.0490629 -0.792669
9.65182 0.0706257	-0.44992 0.204457
7.02028 1.84572	0.233198 0.580977
13.7759 6.16787	-0.286147 0.105193
14.0804 4.60063	0.0889401 0.160729
7.21288 3.63322	-0.0327665 -0.430939
13.2355 7.8694	-0.675467 -0.00922756
11.8588 5.20809	-0.289246 -0.31274
12.1267 2.32776	-0.538771 0.620861
8.07001 3.08773	-0.360628 0.292515
8.86353 5.52009	-0.854886 0.226332
10.5201 28.3587	0.0165356 -0.198416
7.88786 1.16064	-0.503482 -0.273709
12.9227 6.84863	-0.12387 -0.226328
8.91702 2.56737	-0.6987 0.557545
8.1043 6.1738	-0.881941 0.330931
7.83421 28.0451	-0.387622 0.0223457
9.23233 4.07351	-0.772218 0.00328051
9.68562 4.9523	-0.189698 0.218394
8.82314 1.58634	0.2154 -0.148326
7.94761 5.1432	-0.146857 0.0413569
10.1031 5.85018	0.0190937 -0.300892
12.4747 0.273285	0.699052 -0.520763
7.98838 2.13094	0.52519 -0.636129
13.082 2.05388	0.539898 0.0572954
11.5555 0.909661	-0.159447 -0.134097
11.7576 3.28829	0.398311 -0.0193038
11.2931 4.24266	0.640596 -0.447328
11.141 2.41442	-0.139108 -0.541904
10.6813 1.54249	-0.169974 0.683904
11.3596 27.8368	0.383712 -0.0248159
13.4614 27.6755	0.201454 0.384705
8.66931 7.82739	0.0443572 -0.120369
13.3102 12.5049	-0.0290445 0.0516856
9.5223 10.408	0.472873 0.713991
8.58064 12.2546	1.24801 0.167551
11.6803 10.6956	0.32647 -0.0948105
6.84197 8.46463	0.0887129 -0.243508
14.1403 8.16639	-0.129391 0.127258
9.51261 8.31362	0.932557 0.0429381
14.2929 13.0524	0.699645 0.274822
10.6292 10.516	0.420354 -0.120824
10.027 13.6282	-0.127799 0.630526
10.0535 11.3091	1.01818 0.366398
10.7598 9.31996	0.228554 -0.275566
12.0305 11.6116	0.0405723 0.0822964
14.5879 10.176	-1.15248 0.289774
12.7441 10.4879	0.0661113 -0.977706
13.3391 8.86362	0.769347 1.028
13.0003 11.5158	-0.263996 0.938354
12.1421 14.5641	-0.116951 0.383616
7.88705 7.19728	0.122376 0.0708946
13.3202 13.4847	-0.958403 0.621585
7.52756 13.4421	-0.853056 0.565357
12.7024 15.3658	0.545761 -0.602744
14.3672 9.1454	0.0174117 0.943543
13.7748 10.8261	-0.211289 -0.41331
8.43851 13.9195	-0.763321 -0.193718
8.58414 9.95073	0.391058 -0.218389
14.0305 11.8081	-0.687015 0.554416
9.5508 12.1095	-0.673227 0.331816
11.0104 7.64966	-0.695178 0.149756
7.81403 8.29765	-0.375676 -1.29443
10.5611 12.3205	-0.105623 -1.05022
9.57126 7.34541	0.235277 0.742695
14.8654 13.9149	-0.797051 -0.106511
9.44821 9.39915	-0.184159 0.870863
9.07186 14.8141	-0.239077 0.609402
11.9632 7.34038	-0.716494 -0.254481
10.0868 14.6127	0.201615 0.183724
11.04 11.4765	-0.162796 -0.0844091
12.3844 13.0554	-0.312603 0.516331
8.65247 8.85729	0.0194612 0.471796
7.65395 12.4703	0.279302 0.187764
12.3163 8.81897	-0.21801 -0.888136
7.81579 11.414	0.20846 0.0266427
7.54775 10.352	-0.208894 0.362277
12.0311 9.7656	0.0229444 -0.494083
11.577 13.6879	-0.570345 -0.362028
13.6484 15.5213	0.029249 0.0902705
11.5356 12.5371	0.823876 0.0978328
13.6241 9.82762	-0.275842 0.285933
6.71124 12.8913	-0.598826 0.387557
10.4383 6.81622	-0.771369 -0.794252
14.9379 12.2449	-0.363652 -0.175916
8.94761 11.2876	-0.416186 -0.367404
13.2299 14.485	-0.290018 0.323269
14.2711 14.7243	-0.406758 0.149995
9.12978 13.1261	0.474127 -0.520803
7.78422 9.35428	0.624455 0.313488
13.8902 16.5057	-0.544465 0.111591
14.4026 21.0216	0.346673 0.773462
15.2875 14.8409	-0.296035 -0.0186537
6.83236 21.2793	-0.479037 -0.562942
8.86339 18.4601	0.300798 0.133458
14.9476 16.61	-0.0847977 0.470958
11.1677 14.6605	0.095451 0.160466
11.9954 19.1607	-0.119588 -0.197055
8.64097 15.7761	-0.203301 -0.437058
7.69324 15.3852	0.0456131 -0.537365
8.86259 19.4532	0.179864 -0.181866
6.99059 20.2563	0.476315 -0.354169
10.9605 19.0504	-0.0587192 -0.242599
6.06832 20.6958	-0.320992 0.0299016
7.78019 17.3262	-0.882185 -0.434093
6.72845 16.6615	0.793106 0.622027
14.7412 19.3736	-1.00587 0.188576
11.5816 21.0018	0.565719 -0.300214
11.7073 15.4779	0.600648 0.80258
13.4836 18.0308	0.0690985 0.420151
10.6969 15.5413	0.729232 -0.0140277
7.22932 18.2398	-0.0893269 -0.599535
14.5241 22.2349	1.14039 -0.649097
12.2801 16.2989	0.146112 -0.738759
13.0667 18.9381	0.323542 -0.710462
9.85668 17.4008	0.222894 0.0186935
8.81641 17.4432	0.444469 -0.00793649
11.3446 19.9797	0.685254 -0.344955
7.93672 19.9079	0.347172 0.719244
11.4761 18.1917	0.597208 -0.561565
12.4581 18.1212	-0.85649 0.211619
12.5976 21.1661	0.251507 -0.086474
14.6559 15.6572	-0.371109 -0.731747
9.72237 20.0202	-0.767389 -0.412212
11.2618 16.3632	0.875598 -0.296406
8.77202 20.4351	-0.0268527 0.690825
9.69474 15.6303	-0.157644 0.28719
10.901 17.3237	0.178341 0.204633
14.6859 18.37	0.439609 -0.850915
13.533 21.5578	-0.136439 -0.351886
7.78877 20.9301	-0.0822436 -0.310431
10.5751 20.6379	-0.0558633 0.846763
10.2886 16.4949	0.562283 -0.426738
10.45 18.1911	0.530208 0.15628
9.86942 19.0226	-0.032464 0.32366
7.97352 18.9288	-0.121225 0.258129
9.26773 16.5441	-0.0187769 -0.804465
12.293 20.1917	0.142347 -0.240241
12.9673 17.0644	-0.0602717 -0.063012
7.67733 16.3457	0.731258 -0.717248
11.9263 17.2283	-0.0767239 -0.280411
9.6303 20.9879	0.0462465 -0.0741662
11.9545 21.9775	0.163981 0.302203
14.2935 17.4068	-0.724828 -0.693422
13.5017 22.5414	0.400878 -0.0301255
7.04871 19.2645	0.0742078 -0.0470925
13.4116 20.5444	0.301173 -0.131955
14.356 28.159	0.531495 0.254201
12.5166 22.8276	0.00639746 -0.362613
10.535 23.3332	0.191388 0.0339223
6.87 27.9525	-0.300525 0.777974
9.64231 22.9207	-0.0295111 0.431322
10.7669 21.6932	0.438231 0.785315
8.09188 26.3358	-0.198099 -0.649502
12.3556 23.8859	-0.120949 -0.383524
13.258 23.5335	0.150731 0.266824
13.9748 24.2686	-0.252144 0.731541
9.51768 23.9012	0.739783 -0.339357
13.5774 25.156	0.16669 0.402419
7.24653 22.8399	-0.472918 -0.588326
12.7572 27.0037	-0.092826 0.0380812
11.3345 23.9305	0.266097 -0.14004
7.64884 25.4483	0.867307 -0.0374087
14.2213 23.2393	9.83837e-05 0.00658832
13.0538 26.0413	-0.216597 -0.335324
14.3999 27.1492	-0.188832 -0.0630022
11.221 22.653	0.488598 0.20402
8.65634 25.4619	0.292893 0.680217
9.09832 26.4095	-0.200988 -0.179017
5.7559 23.5451	0.889818 0.13809
11.2447 26.8638	-0.163737 -0.404769
8.70883 23.3321	0.0153973 0.196466
10.1594 26.3682	-0.0742848 -0.30024
7.85309 21.9446	-0.325687 0.662426
10.3747 24.3375	0.104143 0.130296
8.5664 24.4412	0.0789878 -0.214301
12.5721 25.0551	-0.0313235 -0.33137
9.75284 21.9258	0.442922 -0.0941272
8.61325 27.2978	0.138743 0.300958
11.1142 25.9127	0.0822733 0.482572
9.46254 24.8476	0.299075 0.0103723
10.3186 25.3413	-0.700619 -0.10122
7.51363 24.4611	0.0763767 -0.0628
6.63104 25.1954	0.349781 0.0169656
8.82975 22.3607	0.259602 -0.306675
6.59407 24.0994	0.424869 2.77172e-05
7.43448 27.114	-0.576619 -0.101318
11.1964 24.9215	0.101421 -0.492912
12.0632 26.2725	-0.267641 -0.63828
8.72025 21.3862	-0.0489662 -0.50437
19.6067 5.73329	0.217671 0.409238
14.3714 3.62486	-1.10399 0.524323
18.6905 7.98474	-1.05786 0.0305955
17.407 2.88605	0.631304 0.333468
21.96 2.5353	-0.0529171 0.264261
16.418 3.11985	0.652813 0.0960796
16.08 4.04491	0.303134 0.191467
17.2539 6.57456	-0.350503 0.110737
14.6257 5.492	-0.0921908 0.12902
14.9065 7.50421	-0.816398 -0.711901
20.0217 2.72174	0.680782 0.833668
18.4099 2.65272	-0.0806209 -0.0024994
21.3307 6.0321	-0.289442 -0.675081
18.771 0.31573	0.290533 -0.419441
21.5347 1.47584	-0.586998 0.448566
14.9905 1.70649	-0.138934 -0.319496
18.6933 5.28826	-0.199895 -0.39531
15.0699 4.4324	0.33084 0.974113
16.5628 5.78041	-1.12632 -0.909713
20.5199 5.43567	0.740803 -0.0352358
19.1843 3.27982	0.168461 -0.723784
21.0602 2.95729	0.205017 -0.401784
15.2947 28.5644	0.07079 0.61847
18.9121 4.2575	0.48874 -0.793665
16.6793 2.13288	-0.242247 -0.459203
16.8188 4.76455	0.336435 0.114213
19.7753 0.261458	0.215317 -0.849609
19.5715 6.82445	-0.0700661 0.716911
16.9944 1.14524	0.517185 0.44664
16.276 6.72801	-0.0105694 -0.318856
20.5128 0.923948	0.206799 -0.408161
22.0761 5.39625	0.886858 0.482779
18.6101 7.04327	0.567194 -0.0432485
19.7519 4.75528	-0.170489 -0.0290212
20.6952 1.97308	-0.287445 -0.710095
18.1386 3.6148	-0.136381 0.106936
17.8872 4.59466	-0.4198 -0.0219234
17.4859 5.49115	0.0880349 -0.269025
18.7627 1.65183	0.373362 -0.612366
14.6995 2.66322	-0.0772083 -0.217499
15.8561 5.07653	-0.347403 -0.578055
17.999 1.01003	0.267323 -0.0137602
15.7171 2.42906	0.265762 -0.144198
19.7807 1.64361	0.692793 -0.0426463
15.3558 3.39204	-0.18291 -0.135182
17.7021 1.94758	-0.118367 -1.11577
15.1235 0.716147	0.0723629 0.330007
16.1459 0.469987	0.23754 -0.266589
18.1672 6.18128	-0.271753 0.108119
20.1312 3.7351	0.347839 0.252941
14.6995 6.53994	-0.961715 0.0434111
15.5635 6.02658	-0.364912 0.318859
15.9627 1.43365	0.120548 -0.290583
20.4677 6.44217	-0.710203 0.319967
20.763 4.47674	0.448618 0.437244
13.4016 3.84946	-0.540106 -0.2905
17.0921 0.129234	-0.117568 -0.623564
17.1625 3.81939	-0.102737 -0.0881927
21.2868 7.08347	0.099739 -0.435802
20.897 12.7731	-0.541024 -0.0218325
17.0855 12.4835	0.196345 -0.769286
19.6099 13.735	-1.05887 -0.266718
15.1346 8.46295	-0.304986 0.251468
17.8019 8.47624	-0.743054 -0.956747
16.4858 13.2469	0.325219 -0.446708
18.2142 10.4708	0.0628568 -0.345998
15.989 12.3566	0.00233716 0.311811
15.8683 10.9594	-0.650168 0.366114
16.8573 8.15221	-0.167337 0.273074
21.858 15.3399	0.493532 0.830768
20.3154 9.49259	-1.28654 0.372595
18.2648 12.5252	-0.666585 0.0711611
18.322 11.453	0.0827199 0.438946
15.3003 9.48825	-0.907614 0.0888161
15.3948 13.1247	0.734884 -0.453973
17.5879 13.3466	0.101655 0.353289
16.9677 14.1639	-0.508603 -0.28005
17.6925 7.49787	0.294834 0.288671
17.2149 10.1549	0.477703 0.668346
22.1894 14.357	-0.480272 -0.347328
17.4179 11.1095	-0.26946 0.466495
20.6208 8.52406	-0.459755 0.154061
20.3602 7.55842	-0.0880943 -0.309022
19.8383 11.0477	-0.384024 -0.161315
16.0733 8.80039	-0.713409 -0.570575
20.5854 13.716	0.360323 -0.186634
18.7324 8.944	0.375937 0.467554
16.6038 11.5894	0.107535 -0.116959
21.1991 14.5234	-0.0225098 0.109795
21.479 8.07743	0.739008 -0.496033
16.9727 9.16234	0.0380174 0.568169
22.3811 8.52554	0.0856942 -0.379784
19.4129 10.1123	-0.567834 -0.283778
20.13 12.1784	-0.128936 -0.380841
19.2602 12.8327	-0.362546 0.638957
19.2107 11.8122	0.175593 0.0632463
14.822 11.1474	-0.728421 0.586214
17.898 9.49654	-0.750104 0.676042
16.1981 9.92725	-0.277708 -0.0400926
19.6309 8.47646	0.254712 0.769654
15.8896 7.75879	-0.506439 0.632136
18.5655 13.5628	-0.0401374 0.186179
19.7376 17.1162	0.0647286 -0.409235
16.3278 17.6098	0.117755 0.422788
13.7763 19.6045	-0.3552 0.261177
16.8811 18.4393	0.126313 0.0912515
19.4639 20.0511	-0.222936 0.712808
19.4302 15.5271	0.117497 0.626405
15.7659 19.4478	-0.164823 0.0389811
18.3739 15.2917	-0.333499 -0.555183
17.7635 18.9906	-0.795438 0.374637
17.719 19.963	0.232215 -0.208034
16.303 20.2521	-0.00175474 0.0415507
17.3297 15.1277	0.0750304 -0.0382269
16.283 14.9243	-0.108551 -0.751767
16.6263 15.8596	0.667043 -0.246286
15.6295 15.7623	-0.137966 -0.790724
20.4 19.6126	0.840382 -0.350436
17.8607 18.0144	-0.636194 0.246989
17.9912 14.3623	0.324059 -0.153175
21.9655 20.8989	0.0367803 0.798759
21.1565 17.9423	0.428219 1.04135
20.236 16.2004	0.779338 -0.222579
21.4146 19.1233	0.050996 -0.00676243
15.2293 20.4245	0.0666733 -0.0960262
15.2581 21.5046	0.175412 0.281446
18.5929 16.3785	-0.716278 -1.33774
15.9376 16.697	-0.181898 -0.260168
21.3298 16.2131	0.572658 -0.25065
19.3623 21.095	0.308795 -0.105603
21.1793 20.2355	-0.0655536 -0.115793
16.6744 21.189	-0.187664 -0.154345
16.9123 16.7877	0.129991 -0.964878
18.5903 20.4895	-0.584489 0.563683
15.8725 14.0056	-0.634924 -0.574677
20.1437 21.7022	0.0277802 -0.186122
21.0382 21.294	0.0788012 -0.383865
15.775 18.4644	0.318782 0.744262
19.5345 19.0598	0.630171 0.218229
17.7267 20.9596	0.00226419 0.107542
19.0408 14.5154	-0.46282 0.597152
20.2549 20.6686	0.571836 -0.247262
22.1184 19.9161	0.44161 0.284627
16.8606 19.4429	-0.269426 0.00871537
18.7963 17.4315	0.136407 -0.0876139
19.5587 18.0857	0.519421 0.152052
20.0984 14.6537	-0.254017 -0.247798
20.4601 18.6273	0.154672 0.30369
20.7821 15.3857	-0.32389 0.495932
15.5585 22.4926	0.498796 -0.900972
18.1028 21.9685	-0.231577 0.352286
20.7448 17.0278	0.231595 -0.15014
17.6333 16.0505	-0.866428 0.273215
18.6316 19.5146	0.669122 0.46455
21.7935 21.8931	0.062 0.421275
15.3041 17.5525	0.0895006 -0.436967
18.6804 18.4983	0.332834 0.283265
17.8601 17.0574	-0.0165857 0.777423
19.5421 27.2158	-0.126303 0.521161
16.0709 25.0548	0.544459 0.0715772
19.6405 24.0785	0.612037 0.474992
19.1514 22.0848	-0.445671 0.474417
17.0625 26.1863	-0.175444 -0.278903
18.1089 24.9808	0.0936978 -0.276392
20.868 22.3941	0.0851866 0.462002
22.2033 25.0854	-0.053012 -0.0438105
19.0958 24.9086	0.240348 -0.140986
17.0298 23.2694	-0.00554935 -0.666697
21.1329 23.3496	0.229872 0.218903
20.6548 25.9854	0.406465 0.432426
21.1697 25.0899	-0.140275 0.489106
22.1695 23.367	0.136043 -0.505331
16.5277 24.1634	-0.577391 -0.00230824
19.4653 23.1307	0.232773 0.227501
20.1237 25.0587	0.0406061 0.643324
15.0727 24.9134	-0.102826 -0.112666
15.8807 27.7235	0.228217 -0.276411
20.2454 28.1418	-0.123068 0.683932
17.523 24.2026	-0.0518464 -0.118303
18.5636 23.9929	-0.155251 -0.0526495
18.4875 22.8903	-0.0479306 -0.633474
21.6914 25.9599	0.117992 0.143191
19.2225 28.1833	-0.446532 0.221479
15.4033 26.8536	-0.0774832 -0.0646808
20.6473 24.1878	0.969237 -0.398379
18.055 26.5972	-0.448571 -0.192324
16.7904 22.2459	0.148332 -0.852652
17.0884 25.156	0.173235 0.417295
20.5927 27.1016	0.414844 -0.165225
21.6741 24.2297	0.145491 1.0534
15.77 23.4728	0.00417475 -0.592184
16.4436 26.9452	1.20233 0.470417
18.6462 25.815	0.250151 -0.282724
15.0424 25.9088	0.52759 -1.00663
17.9626 27.563	-0.0932104 0.280177
14.0825 26.1496	0.528042 -0.657269
21.696 27.3467	-1.06885 0.113135
14.9186 23.9313	0.042623 -0.221605
19.6015 25.8788	-0.284242 -0.504368
16.0336 26.0225	0.864286 0.781999
16.8911 27.8234	-0.358152 -0.0445744
27.5055 28.0478	0.246801 -0.370296
24.3873 3.5264	0.438068 0.445146
26.0709 5.67625	0.322292 0.368021
28.6685 27.7913	0.385396 -0.379697
22.7284 3.18794	0.409357 0.0582657
23.7037 5.10217	0.470631 -0.0873555
24.0803 6.06882	0.282948 0.929585
24.1352 0.912182	-0.780578 0.451307
25.094 5.97829	-0.32716 -0.658599
21.7825 4.29284	-0.250935 0.0550577
28.4629 5.61278	-0.261462 -0.0892753
22.4168 0.0885213	0.0446237 0.509107
24.4306 1.98738	0.585411 -0.188965
28.206 28.7844	0.087206 0.173393
23.4663 1.76893	-0.157238 0.283075
25.4107 2.20248	0.28658 -0.743671
23.4545 3.96271	-0.723012 0.112516
22.2243 6.46549	0.279505 0.0833393
25.9081 4.13659	0.148629 0.213516
25.3766 3.24544	-0.0762376 0.34467
28.3539 2.41145	-0.152925 0.472538
23.0063 5.84526	-0.418636 -0.173309
24.4216 4.48374	-0.971998 -0.406834
25.7929 1.27948	0.272967 -0.381338
26.6041 4.85028	-1.30071 -0.180396
25.4504 28.3959	0.291872 0.581327
26.1561 0.300314	0.352597 -0.000831375
22.8105 4.75981	0.388089 0.0799322
27.5607 5.08112	-0.0490103 0.609669
27.1438 0.141906	0.0414708 0.189972
26.4294 2.07447	-0.174439 0.206438
22.4932 1.66074	-0.216524 -0.32379
24.9529 6.97395	-0.169959 0.439473
25.3179 4.95072	-0.354869 -0.34026
26.6137 3.38894	0.838904 -0.0389854
23.6456 2.78617	-0.557692 -0.246678
23.1086 0.831141	0.239772 0.0209529
27.6428 3.19274	-0.049796 -0.94669
25.1266 0.545871	-0.212784 -0.465888
27.7844 0.912871	1.08053 0.00968623
21.3894 0.468897	-0.193307 0.218614
27.4707 1.88758	0.443116 0.256744
28.7668 0.830097	-0.191055 -0.548662
27.2812 4.13209	-0.638486 -0.187291
26.7926 1.12086	0.344291 0.187731
23.1457 7.88207	0.145118 0.0872185
24.5714 13.0241	-0.014907 -0.386933
27.2775 10.8112	-0.07724 0.237877
26.9293 14.6184	0.488085 0.446313
23.2038 14.2097	-0.134525 -0.312038
22.5545 13.4127	0.229794 -0.899554
28.5743 14.6924	-0.256907 0.14241
23.582 10.4761	-0.447469 -0.453837
24.1026 7.70603	0.756196 0.397268
22.2763 7.44846	0.180261 0.321834
24.2722 11.276	-0.118133 -0.0376446
27.9497 13.9277	-0.22199 0.0175606
22.3116 11.6898	0.391922 -0.323208
25.5429 10.0126	-0.280128 0.134922
23.2503 6.84282	0.707306 -0.303529
22.6055 10.7092	0.212881 -0.386743
24.5836 10.3199	-0.463119 0.216456
21.3981 9.13658	0.85814 0.0550833
27.8358 7.91585	-0.558195 0.176693
27.3974 9.55243	0.239028 0.278665
28.4126 9.43499	-0.242394 -0.26504
21.9305 12.6204	0.179527 -0.754726
24.882 14.7578	0.0275093 -0.249769
22.9018 9.74612	-0.118022 -0.531608
25.581 12.9057	0.430882 0.0461786
27.0956 11.796	0.294391 0.00735664
26.2955 13.649	-0.629104 -0.454192
28.0701 11.4384	-0.130925 -0.605228
27.0663 8.5912	-0.255458 0.585375
23.9346 12.245	-0.430451 -0.173423
22.9399 12.4742	-1.20733 0.0430277
21.5591 13.5429	-0.501061 0.109688
26.5283 10.1532	-0.144481 0.464845
26.3261 11.0841	-0.0745213 -0.28176
25.8974 7.28259	-0.701216 0.874644
25.9068 11.9491	-1.00518 0.71939
26.1154 8.25268	-0.260806 -0.217996
25.2681 11.0819	-0.119973 0.35452
23.3568 8.86237	0.710451 0.877243
24.3759 8.74063	-0.0964468 1.02671
25.3454 8.91672	0.374047 -0.0987074
21.8567 10.1026	0.341575 -0.217873
27.4333 13.0195	0.341168 -0.0485722
24.9415 12.0837	0.577671 0.849303
24.2073 13.994	0.22195 0.279586
26.8927 7.59171	-0.268997 0.635945
23.3014 11.4751	0.333684 0.340646
25.2201 13.8233	-0.155245 -0.430337
23.5669 13.2422	-0.242417 -0.023671
25.8865 14.5595	-0.275139 -0.494463
21.2897 11.8126	0.209749 -0.295394
27.6471 6.16775	0.230145 -0.754264
20.9801 10.7345	-0.929062 0.307148
25.0705 7.94913	0.0873101 -0.142334
26.5322 12.6867	0.131062 -0.663085
26.6419 6.52103	0.553193 0.319305
26.2998 9.22679	0.565408 -0.492235
26.3444 16.1291	-0.562065 0.701411
25.5501 15.5053	-0.0644567 0.716958
23.5554 20.8514	0.0118056 -0.0613358
24.3169 21.5614	-0.457816 0.462524
23.561 15.9166	-0.421726 -0.0113687
28.4127 16.3892	-0.0010768 -0.678971
24.5817 15.7799	-0.20053 -0.21338
25.1311 20.1468	0.476121 -0.119042
24.6929 19.0979	0.153153 0.120168
24.1548 18.1873	0.374038 0.412407
25.1434 18.1464	-0.168974 -0.208864
22.1076 18.1611	0.192219 0.330181
27.0974 18.0666	0.609529 -0.530797
25.8041 17.3678	0.0258546 -0.906423
21.7602 17.1008	0.0257183 0.150278
24.7201 17.2341	0.185541 -0.114258
28.368 20.5918	0.353982 -0.695523
24.1482 19.9731	0.570288 0.237463
28.7482 17.3225	0.900694 -0.806827
25.3565 16.4876	0.011547 0.0383688
26.0541 20.6798	0.451305 0.0389465
22.5826 19.07	0.586864 -0.750064
27.811 19.6278	-0.708865 -0.119127
22.4291 16.1928	0.97398 0.110032
23.639 19.082	-0.235833 -0.616887
23.1711 18.2022	0.0606313 0.470992
23.6806 17.2966	-0.293713 -0.278933
22.6989 17.3204	0.0723203 0.129437
27.3489 16.2875	-0.702138 0.239436
26.8574 20.0503	-0.296982 -0.290003
27.7289 17.2071	0.913116 0.446533
23.879 14.954	-0.270852 -0.290612
25.0999 22.1401	0.328999 0.366748
25.9715 19.5725	0.371935 -0.825449
28.1137 18.1171	0.539028 -0.225808
23.1344 19.9225	0.854125 -0.27098
26.1126 18.3465	-0.00277725 -0.451337
22.8505 15.2087	-0.190187 -0.342341
0.191335 15.5999	-0.20758 0.247173
25.2272 21.162	0.167938 0.116819
27.9888 15.5038	0.0110251 -0.184303
26.7455 17.1387	0.269 0.149218
26.8474 19.0356	-0.240965 0.116615
26.7835 27.1854	0.0683149 -0.18398
25.1518 26.7602	0.15386 -0.106378
24.7039 25.8892	-0.509684 -0.154403
24.8545 23.0884	0.286154 -0.151295
26.8515 22.6593	-0.546846 -0.384493
27.4435 25.5315	0.0547316 0.543447
24.7657 27.6773	-0.565915 0.129042
23.6926 25.9658	-0.172877 -0.83046
23.1809 25.0834	0.298805 0.281732
23.0747 26.9115	0.0785076 -0.474194
23.7505 27.7479	-0.229294 0.658631
25.2272 24.9922	0.23068 0.30389
24.417 28.6262	-0.734708 -0.100312
23.6818 24.1943	0.724774 0.102159
28.2932 26.1451	-0.0954458 0.455953
26.6905 26.2016	-0.422588 0.296535
23.2314 23.2551	-0.245142 0.926522
27.3027 23.5452	-0.364745 -0.0583528
24.1597 26.841	0.938867 -0.0804653
27.9411 24.5443	-0.390285 0.499199
24.7022 24.0806	0.284711 -0.158075
22.7096 24.2089	0.0425296 0.922339
23.3996 28.6963	-0.130627 -0.477066
25.7346 25.8685	0.0778404 0.701718
22.5912 22.449	0.285143 0.160235
26.4895 28.173	-0.319501 0.737655
25.8062 27.495	0.261261 -0.180544
25.8522 22.7713	0.415172 -0.370365
26.4536 25.1863	0.407091 -0.263108
27.8104 27.1206	0.235509 -0.353564
26.9914 21.0765	-0.0429505 -0.701353
22.6568 26.0089	0.0232853 0.614459
28.0416 22.0373	-0.244239 0.643133
24.2037 25.0535	0.038248 -0.0587749
25.6451 23.7506	-0.213745 -0.172055
22.6369 27.869	-0.442634 -0.542598
26.1561 21.7854	0.218006 0.636993
24.0145 22.5742	0.763112 -0.516381
21.6329 28.3306	0.597665 0.235857
26.5927 24.1705	-0.0609466 -0.300528
23.325 21.8046	0.736508 -0.513537
5.36384 28.5361	0.119378 0.04963
28.088 3.92468	0.249789 0.0923355
3.43117 28.4343	-0.236063 0.214384
2.60344 6.04307	-0.358806 0.604433
3.95528 6.52588	-0.0509724 -0.414317
2.63328 0.6174	0.328891 -0.891156
3.54614 4.91426	0.244301 -1.05414
1.17752 5.3039	-0.127486 0.242124
6.4584 3.91061	-0.429896 0.505133
4.24898 0.696618	0.770952 0.168036
0.168337 4.14731	-0.226542 0.690076
6.2053 5.46086	0.0760518 0.696293
6.45402 6.2861	0.102913 -0.412991
1.08702 4.46139	0.179223 -0.122474
1.28924 7.2497	0.186668 0.466865
28.8029 7.58805	0.263343 0.52955
4.27638 13.158	-0.449387 -0.219015
6.08082 8.78832	0.760664 0.508075
5.6824 14.0534	0.252374 0.349665
1.33097 6.4088	-0.0879744 -0.711587
5.79517 7.13391	-0.373519 -0.5522
3.08658 14.3426	0.639715 0.418269
2.63967 11.0979	-0.52847 -0.221019
6.36384 7.81018	-0.0887566 1.34013
2.07235 13.3768	0.327672 -0.0767622
1.99112 10.3611	-0.00829123 -0.466419
1.60108 16.4717	-0.0575184 0.91488
1.33429 20.1736	-0.120013 -0.0822382
2.08079 15.7291	0.0886844 -0.597512
3.58843 21.022	-0.459159 0.257063
5.13482 15.3865	0.321924 -0.0764656
2.82449 20.6531	0.0424754 -0.238226
5.21786 20.9686	-0.393898 0.0990916
5.88255 16.7377	-0.407716 0.657272
6.9233 17.4492	0.566314 0.369637
2.47032 22.3262	0.499767 0.993068
1.33258 23.5298	0.833246 -0.326812
28.1301 23.7354	-0.0494107 0.411612
1.6765 24.8703	-0.14869 0.20907
4.87545 21.8259	-0.211641 0.416736
5.88207 24.4852	-0.513963 -0.165001
28.6077 26.9378	0.170171 -0.098821
1.18296 26.1861	0.029303 0.36279
8.69054 4.70406	-0.277052 -0.610839
11.5924 1.70322	-0.307134 0.3143
7.01259 28.7999	0.00757241 -0.649892
14.3244 1.1313	-0.419302 0.165574
11.3225 6.81257	0.286568 -0.147634
7.29676 6.5304	-0.21944 -0.0855335
8.84098 3.39574	-0.340985 -0.0245882
7.31016 2.65599	0.497624 -1.01825
7.22145 7.6605	-0.758827 0.0886852
10.346 2.62176	-0.345217 0.067403
11.5286 9.06829	-0.432102 0.245863
10.1388 9.8579	0.298487 -0.409306
10.8548 8.4754	0.278188 -0.683506
10.7375 13.9933	0.349311 -0.175103
10.8421 13.1135	0.0654244 -0.474855
9.26395 13.9882	0.0560981 0.415904
12.4642 7.98563	0.0645464 0.330741
9.93223 12.8396	0.412031 -0.316629
12.8426 9.56127	-0.70785 -0.245953
8.28015 13.0686	-0.283463 -0.0610104
15.4103 10.2975	-0.038573 -0.0992233
12.5246 12.2401	-0.163107 -0.194006
11.6637 8.16475	-0.0566936 -0.51175
10.0738 8.89215	0.054381 0.115307
8.25246 14.7722	-0.0321332 -0.532406
11.253 9.96289	-0.342301 0.156835
14.0432 13.904	0.396671 -0.798917
8.32001 10.7451	0.43597 0.436036
8.7038 6.97446	-0.0815038 -0.0589875
7.05442 11.0606	-0.0281858 0.663121
12.5424 13.8582	0.713651 -0.254623
10.2228 7.83719	-0.152868 0.511945
13.1154 16.1904	0.716053 -0.0622828
12.9847 19.7727	-0.369588 -0.198702
14.3767 20.1917	-0.0678083 0.338969
8.44093 16.7088	0.307681 -0.516725
6.98419 15.8539	0.138883 -0.231167
8.09613 18.069	-0.739481 0.795447
10.5051 19.7231	0.731966 -0.170632
9.61382 18.1901	0.313843 0.359063
13.9499 18.7664	-0.54261 -0.372263
9.62054 27.0367	-0.375438 0.341396
13.1178 24.3968	-0.525648 0.62235
12.7965 22.0334	-0.046976 -0.103095
8.0594 22.7967	-0.166913 0.575629
13.5594 26.8223	-0.0102996 -0.350087
9.57545 25.7087	0.440359 -0.159715
7.24387 23.6451	0.120714 -0.0227035
11.9358 24.5674	0.401569 -0.382596
11.8169 25.4937	0.0411933 -0.355977
8.04904 23.7739	0.0674036 0.547174
11.7988 23.2615	0.354525 -0.137327
11.9648 27.283	-0.444207 -0.950606
10.4012 22.4804	-0.110237 0.266816
6.51325 23.2365	-0.116461 -0.914278
6.99817 22.0708	0.173298 0.252248
20.6457 0.0644188	-0.131274 0.831964
17.5685 28.2891	-0.245275 -0.220811
18.9592 6.21693	0.00886739 -0.317456
16.8555 7.33839	0.113268 -0.108005
15.4796 6.89716	-0.60341 0.661896
21.3221 5.07097	-0.649882 -0.454963
17.9538 0.193239	-0.0593304 -0.241847
19.223 2.3415	-0.722194 0.0536542
19.3101 0.947545	0.126775 0.416279
13.705 5.3379	0.000801873 -0.215661
19.4689 7.62977	0.145945 0.641685
21.0373 9.90286	-0.53137 0.452263
17.6557 11.9135	0.140809 0.772426
18.9772 10.8881	-0.114389 0.268834
19.4733 9.3024	-0.135704 0.571331
20.5462 11.4561	-0.673096 0.0448216
16.6509 10.734	0.0480832 0.690573
15.5214 11.6709	0.342519 -0.10403
20.0791 13.0435	-0.305805 -0.861015
18.6612 9.76556	-0.0255852 -0.36627
20.2248 10.3491	-0.199165 -0.086233
19.4056 16.3674	-0.305478 0.209364
20.3328 17.752	-0.0339706 -0.597611
17.3399 21.667	-0.0564692 -0.49469
17.0849 20.4806	0.0642388 -0.450747
18.5833 21.3182	0.706689 0.165597
22.7369 20.6444	0.43265 0.218033
15.8745 20.961	-0.112653 0.705097
17.1327 17.5987	0.568744 -0.0956744
16.3243 22.8849	0.418169 -0.235414
20.2669 23.4402	0.0569566 0.534524
16.3467 28.4682	-0.178398 -0.523827
21.0028 27.8276	0.444989 -0.260589
18.9916 26.572	-0.132874 0.910706
18.4186 28.292	-0.676207 -0.213836
18.736 27.4186	-0.123428 0.599066
19.9962 26.5516	0.368468 -0.0714259
15.0459 27.6949	-0.143984 0.488524
16.0877 21.8179	0.137801 -0.644979
20.0052 22.5124	0.232134 0.847368
17.2994 27.0078	0.0900924 0.00811463
14.3842 25.3558	0.207305 -0.254628
17.7588 25.7448	-0.239047 -0.188545
21.2395 26.6189	0.177058 -0.332073
15.0158 23.0855	-0.276677 -0.600871
17.8838 23.4708	0.644685 0.146934
15.6807 24.3053	0.117811 0.247039
21.6576 22.6841	-0.76868 -0.0996757
22.2176 26.7098	0.474047 0.154264
17.617 22.6212	-0.386062 0.553137
22.573 3.99587	-0.184766 0.830818
24.7165 2.74251	0.0893317 -0.221349
24.9575 1.35537	-0.305165 -0.495389
28.7208 6.35182	0.203277 0.277068
21.0933 3.74871	0.289125 -0.446853
24.1293 6.88361	0.115482 1.06021
26.0561 2.78897	-0.581263 -0.444844
22.8617 2.39263	0.649001 0.163742
21.8905 3.39307	-0.416007 -0.810024
28.3645 4.765	-0.06518 0.120798
25.0761 4.00368	-0.134983 0.514599
27.0523 2.62644	-0.0986556 0.535208
25.7736 6.46032	-1.35694 -0.0360249
22.1716 0.896375	-0.442511 0.703393
24.5377 5.33794	0.32011 0.414649
28.3 1.57896	-0.411359 0.0598198
21.7799 11.0213	-0.451112 -0.0257999
27.3846 6.95402	0.730637 0.706217
22.1779 9.33384	-0.965384 -0.435238
23.8078 9.61747	0.434481 -0.658332
27.9023 12.3307	0.196173 -0.020261
26.9167 5.70483	0.208872 0.0570016
24.7337 9.50404	0.12002 -0.760819
27.8839 8.77418	-0.356548 -0.280513
27.1014 13.7878	-0.294614 0.346468
27.7507 14.7134	-0.084618 0.710184
27.5675 20.432	0.444215 0.103153
0.405003 20.6167	0.32774 -0.476887
0.132599 18.1995	0.681777 -0.589182
27.1227 15.4411	0.142644 -0.207354
24.15 16.5641	-0.752729 0.400338
24.467 20.7646	0.566273 0.219848
22.5677 21.5021	0.326396 -0.430062
26.3282 15.2367	-0.0390368 0.317982
28.6359 19.8124	0.0581918 -0.0542024
25.4787 18.9082	0.450635 -0.52995
27.8023 21.2584	0.762208 0.608429
23.1671 16.6426	0.78488 0.115411
27.643 18.8038	0.242389 -0.0916941
28.2523 25.3114	1.17403 -0.580873
25.8872 24.54	1.23184 -0.19613
26.4255 23.3645	0.382884 -0.437677
25.9934 26.6789	0.027958 0.351694
27.5012 26.3776	0.837307 0.418376
24.0614 23.4329	0.409918 0.320313
27.6651 22.8078	-0.425982 -0.00783445
0.580354 27.3095	0.128929 -0.188191
0.219874 25.7068	0.0343927 0.451034
27.1459 24.742	-0.415185 0.363001
27.1023 21.8758	0.229969 -0.0172385
0.0993868 22.2728	0.118078 -0.798472
